scale_1d sm_80 8 0 64 32 167936 166912 108 10 0 1024 0
scale_stride sm_80 8 0 64 32 167936 166912 108 12 0 1024 0
block_sum sm_80 8 0 64 32 167936 166912 108 12 1024 1024 1
hist_shared sm_80 8 0 64 32 167936 166912 108 8 256 1024 1
two_phase sm_80 8 0 64 32 167936 166912 108 18 0 1024 1
heavy_plain sm_80 8 0 64 32 167936 166912 108 128 0 1024 0
heavy_lb1024 sm_80 8 0 64 32 167936 166912 108 64 0 1024 0
heavy_lb256x8 sm_80 8 0 64 32 167936 166912 108 32 0 256 0
scale_1d sm_90a 9 0 64 32 233472 232448 132 10 0 1024 0
scale_stride sm_90a 9 0 64 32 233472 232448 132 14 0 1024 0
block_sum sm_90a 9 0 64 32 233472 232448 132 12 1024 1024 1
hist_shared sm_90a 9 0 64 32 233472 232448 132 10 256 1024 1
two_phase sm_90a 9 0 64 32 233472 232448 132 20 0 1024 1
cluster_exchange sm_90a 9 0 64 32 233472 232448 132 14 512 1024 0
heavy_plain sm_90a 9 0 64 32 233472 232448 132 128 0 1024 0
heavy_lb1024 sm_90a 9 0 64 32 233472 232448 132 64 0 1024 0
heavy_lb256x8 sm_90a 9 0 64 32 233472 232448 132 32 0 256 0
scale_1d sm_100a 10 0 64 32 233472 232448 148 10 0 1024 0
scale_stride sm_100a 10 0 64 32 233472 232448 148 16 0 1024 0
block_sum sm_100a 10 0 64 32 233472 232448 148 12 1024 1024 1
hist_shared sm_100a 10 0 64 32 233472 232448 148 10 256 1024 1
two_phase sm_100a 10 0 64 32 233472 232448 148 20 0 1024 1
cluster_exchange sm_100a 10 0 64 32 233472 232448 148 14 512 1024 0
heavy_plain sm_100a 10 0 64 32 233472 232448 148 128 0 1024 0
heavy_lb1024 sm_100a 10 0 64 32 233472 232448 148 64 0 1024 0
heavy_lb256x8 sm_100a 10 0 64 32 233472 232448 148 32 0 256 0
scale_1d sm_120 12 0 48 24 102400 101376 170 10 0 1024 0
scale_stride sm_120 12 0 48 24 102400 101376 170 16 0 1024 0
block_sum sm_120 12 0 48 24 102400 101376 170 12 1024 1024 1
hist_shared sm_120 12 0 48 24 102400 101376 170 10 256 1024 1
two_phase sm_120 12 0 48 24 102400 101376 170 20 0 1024 1
cluster_exchange sm_120 12 0 48 24 102400 101376 170 14 512 1024 0
heavy_plain sm_120 12 0 48 24 102400 101376 170 128 0 1024 0
heavy_lb1024 sm_120 12 0 48 24 102400 101376 170 64 0 1024 0
heavy_lb256x8 sm_120 12 0 48 24 102400 101376 170 128 0 256 0
