CASE colmajor_4x8|(_4,_8):(_1,_4)|0,1,2,3,4,5,6,7,8,9,10,11,12,13,14,15,16,17,18,19,20,21,22,23,24,25,26,27,28,29,30,31
CASE rowmajor_4x8|(_4,_8):(_8,_1)|0,8,16,24,1,9,17,25,2,10,18,26,3,11,19,27,4,12,20,28,5,13,21,29,6,14,22,30,7,15,23,31
CASE padded_4x8|(_4,_8):(_1,_5)|0,1,2,3,5,6,7,8,10,11,12,13,15,16,17,18,20,21,22,23,25,26,27,28,30,31,32,33,35,36,37,38
CASE nested_2x2x2x4|((_2,_2),(_2,_4)):((_1,_8),(_2,_16))|0,1,8,9,2,3,10,11,16,17,24,25,18,19,26,27,32,33,40,41,34,35,42,43,48,49,56,57,50,51,58,59
CASE coalesce_in|(_2,(_1,_6)):(_1,(_6,_2))|0,1,2,3,4,5,6,7,8,9,10,11
CASE coalesce_out|_12:_1|0,1,2,3,4,5,6,7,8,9,10,11
CASE compose_A|(_6,_2):(_8,_2)|0,8,16,24,32,40,2,10,18,26,34,42
CASE compose_B|(_4,_3):(_3,_1)|0,3,6,9,1,4,7,10,2,5,8,11
CASE compose_AB|((_2,_2),_3):((_24,_2),_8)|0,24,2,26,8,32,10,34,16,40,18,42
CASE complement_in|(_2,_2):(_1,_6)|0,1,6,7
CASE complement_24|(_3,_2):(_2,_12)|0,2,4,12,14,16
CASE divide_A|(_4,_2,_3):(_2,_1,_8)|0,2,4,6,1,3,5,7,8,10,12,14,9,11,13,15,16,18,20,22,17,19,21,23
CASE divide_tiler|_4:_2|0,2,4,6
CASE divide_1d|((_2,_2),(_2,_3)):((_4,_1),(_2,_8))|0,4,1,5,2,6,3,7,8,12,9,13,10,14,11,15,16,20,17,21,18,22,19,23
CASE matrix_8x8|(_8,_8):(_1,_8)|0,1,2,3,4,5,6,7,8,9,10,11,12,13,14,15,16,17,18,19,20,21,22,23,24,25,26,27,28,29,30,31,32,33,34,35,36,37,38,39,40,41,42,43,44,45,46,47,48,49,50,51,52,53,54,55,56,57,58,59,60,61,62,63
CASE divide_8x8_by_2x4|((_2,_4),(_4,_2)):((_1,_2),(_8,_32))|0,1,2,3,4,5,6,7,8,9,10,11,12,13,14,15,16,17,18,19,20,21,22,23,24,25,26,27,28,29,30,31,32,33,34,35,36,37,38,39,40,41,42,43,44,45,46,47,48,49,50,51,52,53,54,55,56,57,58,59,60,61,62,63
CASE zipped_8x8_by_2x4|((_2,_4),(_4,_2)):((_1,_8),(_2,_32))|0,1,8,9,16,17,24,25,2,3,10,11,18,19,26,27,4,5,12,13,20,21,28,29,6,7,14,15,22,23,30,31,32,33,40,41,48,49,56,57,34,35,42,43,50,51,58,59,36,37,44,45,52,53,60,61,38,39,46,47,54,55,62,63
CASE blocked_2x2_by_3x4|((_2,_3),(_2,_4)):((_1,_4),(_2,_12))|0,1,4,5,8,9,2,3,6,7,10,11,12,13,16,17,20,21,14,15,18,19,22,23,24,25,28,29,32,33,26,27,30,31,34,35,36,37,40,41,44,45,38,39,42,43,46,47
CASE raked_2x2_by_3x4|((_3,_2),(_4,_2)):((_4,_1),(_12,_2))|0,4,8,1,5,9,12,16,20,13,17,21,24,28,32,25,29,33,36,40,44,37,41,45,2,6,10,3,7,11,14,18,22,15,19,23,26,30,34,27,31,35,38,42,46,39,43,47
CASE doc2d_A|(_9,(_4,_8)):(_59,(_13,_1))|0,59,118,177,236,295,354,413,472,13,72,131,190,249,308,367,426,485,26,85,144,203,262,321,380,439,498,39,98,157,216,275,334,393,452,511,1,60,119,178,237,296,355,414,473,14,73,132,191,250,309,368,427,486,27,86,145,204,263,322,381,440,499,40,99,158,217,276,335,394,453,512,2,61,120,179,238,297,356,415,474,15,74,133,192,251,310,369,428,487,28,87,146,205,264,323,382,441,500,41,100,159,218,277,336,395,454,513,3,62,121,180,239,298,357,416,475,16,75,134,193,252,311,370,429,488,29,88,147,206,265,324,383,442,501,42,101,160,219,278,337,396,455,514,4,63,122,181,240,299,358,417,476,17,76,135,194,253,312,371,430,489,30,89,148,207,266,325,384,443,502,43,102,161,220,279,338,397,456,515,5,64,123,182,241,300,359,418,477,18,77,136,195,254,313,372,431,490,31,90,149,208,267,326,385,444,503,44,103,162,221,280,339,398,457,516,6,65,124,183,242,301,360,419,478,19,78,137,196,255,314,373,432,491,32,91,150,209,268,327,386,445,504,45,104,163,222,281,340,399,458,517,7,66,125,184,243,302,361,420,479,20,79,138,197,256,315,374,433,492,33,92,151,210,269,328,387,446,505,46,105,164,223,282,341,400,459,518
CASE doc2d_divide|((_3,_3),((_2,_4),(_2,_2))):((_177,_59),((_13,_2),(_26,_1)))|0,177,354,59,236,413,118,295,472,13,190,367,72,249,426,131,308,485,2,179,356,61,238,415,120,297,474,15,192,369,74,251,428,133,310,487,4,181,358,63,240,417,122,299,476,17,194,371,76,253,430,135,312,489,6,183,360,65,242,419,124,301,478,19,196,373,78,255,432,137,314,491,26,203,380,85,262,439,144,321,498,39,216,393,98,275,452,157,334,511,28,205,382,87,264,441,146,323,500,41,218,395,100,277,454,159,336,513,30,207,384,89,266,443,148,325,502,43,220,397,102,279,456,161,338,515,32,209,386,91,268,445,150,327,504,45,222,399,104,281,458,163,340,517,1,178,355,60,237,414,119,296,473,14,191,368,73,250,427,132,309,486,3,180,357,62,239,416,121,298,475,16,193,370,75,252,429,134,311,488,5,182,359,64,241,418,123,300,477,18,195,372,77,254,431,136,313,490,7,184,361,66,243,420,125,302,479,20,197,374,79,256,433,138,315,492,27,204,381,86,263,440,145,322,499,40,217,394,99,276,453,158,335,512,29,206,383,88,265,442,147,324,501,42,219,396,101,278,455,160,337,514,31,208,385,90,267,444,149,326,503,44,221,398,103,280,457,162,339,516,33,210,387,92,269,446,151,328,505,46,223,400,105,282,459,164,341,518
CASE smem_8x64_plain|(_8,_64):(_64,_1)|0,64,128,192,256,320,384,448,1,65,129,193,257,321,385,449,2,66,130,194,258,322,386,450,3,67,131,195,259,323,387,451,4,68,132,196,260,324,388,452,5,69,133,197,261,325,389,453,6,70,134,198,262,326,390,454,7,71,135,199,263,327,391,455,8,72,136,200,264,328,392,456,9,73,137,201,265,329,393,457,10,74,138,202,266,330,394,458,11,75,139,203,267,331,395,459,12,76,140,204,268,332,396,460,13,77,141,205,269,333,397,461,14,78,142,206,270,334,398,462,15,79,143,207,271,335,399,463,16,80,144,208,272,336,400,464,17,81,145,209,273,337,401,465,18,82,146,210,274,338,402,466,19,83,147,211,275,339,403,467,20,84,148,212,276,340,404,468,21,85,149,213,277,341,405,469,22,86,150,214,278,342,406,470,23,87,151,215,279,343,407,471,24,88,152,216,280,344,408,472,25,89,153,217,281,345,409,473,26,90,154,218,282,346,410,474,27,91,155,219,283,347,411,475,28,92,156,220,284,348,412,476,29,93,157,221,285,349,413,477,30,94,158,222,286,350,414,478,31,95,159,223,287,351,415,479,32,96,160,224,288,352,416,480,33,97,161,225,289,353,417,481,34,98,162,226,290,354,418,482,35,99,163,227,291,355,419,483,36,100,164,228,292,356,420,484,37,101,165,229,293,357,421,485,38,102,166,230,294,358,422,486,39,103,167,231,295,359,423,487,40,104,168,232,296,360,424,488,41,105,169,233,297,361,425,489,42,106,170,234,298,362,426,490,43,107,171,235,299,363,427,491,44,108,172,236,300,364,428,492,45,109,173,237,301,365,429,493,46,110,174,238,302,366,430,494,47,111,175,239,303,367,431,495,48,112,176,240,304,368,432,496,49,113,177,241,305,369,433,497,50,114,178,242,306,370,434,498,51,115,179,243,307,371,435,499,52,116,180,244,308,372,436,500,53,117,181,245,309,373,437,501,54,118,182,246,310,374,438,502,55,119,183,247,311,375,439,503,56,120,184,248,312,376,440,504,57,121,185,249,313,377,441,505,58,122,186,250,314,378,442,506,59,123,187,251,315,379,443,507,60,124,188,252,316,380,444,508,61,125,189,253,317,381,445,509,62,126,190,254,318,382,446,510,63,127,191,255,319,383,447,511
CASE smem_8x64_sw128|Sw<3,3,3> o _0 o (_8,_64):(_64,_1)|0,72,144,216,288,360,432,504,1,73,145,217,289,361,433,505,2,74,146,218,290,362,434,506,3,75,147,219,291,363,435,507,4,76,148,220,292,364,436,508,5,77,149,221,293,365,437,509,6,78,150,222,294,366,438,510,7,79,151,223,295,367,439,511,8,64,152,208,296,352,440,496,9,65,153,209,297,353,441,497,10,66,154,210,298,354,442,498,11,67,155,211,299,355,443,499,12,68,156,212,300,356,444,500,13,69,157,213,301,357,445,501,14,70,158,214,302,358,446,502,15,71,159,215,303,359,447,503,16,88,128,200,304,376,416,488,17,89,129,201,305,377,417,489,18,90,130,202,306,378,418,490,19,91,131,203,307,379,419,491,20,92,132,204,308,380,420,492,21,93,133,205,309,381,421,493,22,94,134,206,310,382,422,494,23,95,135,207,311,383,423,495,24,80,136,192,312,368,424,480,25,81,137,193,313,369,425,481,26,82,138,194,314,370,426,482,27,83,139,195,315,371,427,483,28,84,140,196,316,372,428,484,29,85,141,197,317,373,429,485,30,86,142,198,318,374,430,486,31,87,143,199,319,375,431,487,32,104,176,248,256,328,400,472,33,105,177,249,257,329,401,473,34,106,178,250,258,330,402,474,35,107,179,251,259,331,403,475,36,108,180,252,260,332,404,476,37,109,181,253,261,333,405,477,38,110,182,254,262,334,406,478,39,111,183,255,263,335,407,479,40,96,184,240,264,320,408,464,41,97,185,241,265,321,409,465,42,98,186,242,266,322,410,466,43,99,187,243,267,323,411,467,44,100,188,244,268,324,412,468,45,101,189,245,269,325,413,469,46,102,190,246,270,326,414,470,47,103,191,247,271,327,415,471,48,120,160,232,272,344,384,456,49,121,161,233,273,345,385,457,50,122,162,234,274,346,386,458,51,123,163,235,275,347,387,459,52,124,164,236,276,348,388,460,53,125,165,237,277,349,389,461,54,126,166,238,278,350,390,462,55,127,167,239,279,351,391,463,56,112,168,224,280,336,392,448,57,113,169,225,281,337,393,449,58,114,170,226,282,338,394,450,59,115,171,227,283,339,395,451,60,116,172,228,284,340,396,452,61,117,173,229,285,341,397,453,62,118,174,230,286,342,398,454,63,119,175,231,287,343,399,455
CASE smem_8x32_sw64|Sw<2,3,3> o _0 o (_8,_32):(_32,_1)|0,32,72,104,144,176,216,248,1,33,73,105,145,177,217,249,2,34,74,106,146,178,218,250,3,35,75,107,147,179,219,251,4,36,76,108,148,180,220,252,5,37,77,109,149,181,221,253,6,38,78,110,150,182,222,254,7,39,79,111,151,183,223,255,8,40,64,96,152,184,208,240,9,41,65,97,153,185,209,241,10,42,66,98,154,186,210,242,11,43,67,99,155,187,211,243,12,44,68,100,156,188,212,244,13,45,69,101,157,189,213,245,14,46,70,102,158,190,214,246,15,47,71,103,159,191,215,247,16,48,88,120,128,160,200,232,17,49,89,121,129,161,201,233,18,50,90,122,130,162,202,234,19,51,91,123,131,163,203,235,20,52,92,124,132,164,204,236,21,53,93,125,133,165,205,237,22,54,94,126,134,166,206,238,23,55,95,127,135,167,207,239,24,56,80,112,136,168,192,224,25,57,81,113,137,169,193,225,26,58,82,114,138,170,194,226,27,59,83,115,139,171,195,227,28,60,84,116,140,172,196,228,29,61,85,117,141,173,197,229,30,62,86,118,142,174,198,230,31,63,87,119,143,175,199,231
CASE smem_8x16_sw32|Sw<1,3,3> o _0 o (_8,_16):(_16,_1)|0,16,32,48,72,88,104,120,1,17,33,49,73,89,105,121,2,18,34,50,74,90,106,122,3,19,35,51,75,91,107,123,4,20,36,52,76,92,108,124,5,21,37,53,77,93,109,125,6,22,38,54,78,94,110,126,7,23,39,55,79,95,111,127,8,24,40,56,64,80,96,112,9,25,41,57,65,81,97,113,10,26,42,58,66,82,98,114,11,27,43,59,67,83,99,115,12,28,44,60,68,84,100,116,13,29,45,61,69,85,101,117,14,30,46,62,70,86,102,118,15,31,47,63,71,87,103,119
ATOM GMMA_K_SW128_half|Sw<3,4,3> o smem_ptr[16b](unset) o (_8,_64):(_64,_1)
ATOM GMMA_K_SW64_half|Sw<2,4,3> o smem_ptr[16b](unset) o (_8,_32):(_32,_1)
ATOM GMMA_K_SW32_half|Sw<1,4,3> o smem_ptr[16b](unset) o (_8,_16):(_16,_1)
ATOM GMMA_K_INTER_half|Sw<0,4,3> o smem_ptr[16b](unset) o (_8,_8):(_8,_1)
TV sm80_m16n8k16_A|rows=16|((_4,_8),(_2,_2,_2)):((_32,_1),(_16,_8,_128))|0,16,8,24,128,144,136,152,32,48,40,56,160,176,168,184,64,80,72,88,192,208,200,216,96,112,104,120,224,240,232,248,1,17,9,25,129,145,137,153,33,49,41,57,161,177,169,185,65,81,73,89,193,209,201,217,97,113,105,121,225,241,233,249,2,18,10,26,130,146,138,154,34,50,42,58,162,178,170,186,66,82,74,90,194,210,202,218,98,114,106,122,226,242,234,250,3,19,11,27,131,147,139,155,35,51,43,59,163,179,171,187,67,83,75,91,195,211,203,219,99,115,107,123,227,243,235,251,4,20,12,28,132,148,140,156,36,52,44,60,164,180,172,188,68,84,76,92,196,212,204,220,100,116,108,124,228,244,236,252,5,21,13,29,133,149,141,157,37,53,45,61,165,181,173,189,69,85,77,93,197,213,205,221,101,117,109,125,229,245,237,253,6,22,14,30,134,150,142,158,38,54,46,62,166,182,174,190,70,86,78,94,198,214,206,222,102,118,110,126,230,246,238,254,7,23,15,31,135,151,143,159,39,55,47,63,167,183,175,191,71,87,79,95,199,215,207,223,103,119,111,127,231,247,239,255
TV sm80_m16n8k16_B|rows=8|((_4,_8),(_2,_2)):((_16,_1),(_8,_64))|0,8,64,72,16,24,80,88,32,40,96,104,48,56,112,120,1,9,65,73,17,25,81,89,33,41,97,105,49,57,113,121,2,10,66,74,18,26,82,90,34,42,98,106,50,58,114,122,3,11,67,75,19,27,83,91,35,43,99,107,51,59,115,123,4,12,68,76,20,28,84,92,36,44,100,108,52,60,116,124,5,13,69,77,21,29,85,93,37,45,101,109,53,61,117,125,6,14,70,78,22,30,86,94,38,46,102,110,54,62,118,126,7,15,71,79,23,31,87,95,39,47,103,111,55,63,119,127
TV sm80_m16n8k16_C|rows=16|((_4,_8),(_2,_2)):((_32,_1),(_16,_8))|0,16,8,24,32,48,40,56,64,80,72,88,96,112,104,120,1,17,9,25,33,49,41,57,65,81,73,89,97,113,105,121,2,18,10,26,34,50,42,58,66,82,74,90,98,114,106,122,3,19,11,27,35,51,43,59,67,83,75,91,99,115,107,123,4,20,12,28,36,52,44,60,68,84,76,92,100,116,108,124,5,21,13,29,37,53,45,61,69,85,77,93,101,117,109,125,6,22,14,30,38,54,46,62,70,86,78,94,102,118,110,126,7,23,15,31,39,55,47,63,71,87,79,95,103,119,111,127
TV sm80_m16n8k8_tf32_A|rows=16|((_4,_8),(_2,_2)):((_16,_1),(_8,_64))|0,8,64,72,16,24,80,88,32,40,96,104,48,56,112,120,1,9,65,73,17,25,81,89,33,41,97,105,49,57,113,121,2,10,66,74,18,26,82,90,34,42,98,106,50,58,114,122,3,11,67,75,19,27,83,91,35,43,99,107,51,59,115,123,4,12,68,76,20,28,84,92,36,44,100,108,52,60,116,124,5,13,69,77,21,29,85,93,37,45,101,109,53,61,117,125,6,14,70,78,22,30,86,94,38,46,102,110,54,62,118,126,7,15,71,79,23,31,87,95,39,47,103,111,55,63,119,127
TV sm90_m64n64k16_C|rows=64|((_4,_8,_4),(_2,_2,_8)):((_128,_1,_16),(_64,_8,_512))|0,64,8,72,512,576,520,584,1024,1088,1032,1096,1536,1600,1544,1608,2048,2112,2056,2120,2560,2624,2568,2632,3072,3136,3080,3144,3584,3648,3592,3656,128,192,136,200,640,704,648,712,1152,1216,1160,1224,1664,1728,1672,1736,2176,2240,2184,2248,2688,2752,2696,2760,3200,3264,3208,3272,3712,3776,3720,3784,256,320,264,328,768,832,776,840,1280,1344,1288,1352,1792,1856,1800,1864,2304,2368,2312,2376,2816,2880,2824,2888,3328,3392,3336,3400,3840,3904,3848,3912,384,448,392,456,896,960,904,968,1408,1472,1416,1480,1920,1984,1928,1992,2432,2496,2440,2504,2944,3008,2952,3016,3456,3520,3464,3528,3968,4032,3976,4040,1,65,9,73,513,577,521,585,1025,1089,1033,1097,1537,1601,1545,1609,2049,2113,2057,2121,2561,2625,2569,2633,3073,3137,3081,3145,3585,3649,3593,3657,129,193,137,201,641,705,649,713,1153,1217,1161,1225,1665,1729,1673,1737,2177,2241,2185,2249,2689,2753,2697,2761,3201,3265,3209,3273,3713,3777,3721,3785,257,321,265,329,769,833,777,841,1281,1345,1289,1353,1793,1857,1801,1865,2305,2369,2313,2377,2817,2881,2825,2889,3329,3393,3337,3401,3841,3905,3849,3913,385,449,393,457,897,961,905,969,1409,1473,1417,1481,1921,1985,1929,1993,2433,2497,2441,2505,2945,3009,2953,3017,3457,3521,3465,3529,3969,4033,3977,4041,2,66,10,74,514,578,522,586,1026,1090,1034,1098,1538,1602,1546,1610,2050,2114,2058,2122,2562,2626,2570,2634,3074,3138,3082,3146,3586,3650,3594,3658,130,194,138,202,642,706,650,714,1154,1218,1162,1226,1666,1730,1674,1738,2178,2242,2186,2250,2690,2754,2698,2762,3202,3266,3210,3274,3714,3778,3722,3786,258,322,266,330,770,834,778,842,1282,1346,1290,1354,1794,1858,1802,1866,2306,2370,2314,2378,2818,2882,2826,2890,3330,3394,3338,3402,3842,3906,3850,3914,386,450,394,458,898,962,906,970,1410,1474,1418,1482,1922,1986,1930,1994,2434,2498,2442,2506,2946,3010,2954,3018,3458,3522,3466,3530,3970,4034,3978,4042,3,67,11,75,515,579,523,587,1027,1091,1035,1099,1539,1603,1547,1611,2051,2115,2059,2123,2563,2627,2571,2635,3075,3139,3083,3147,3587,3651,3595,3659,131,195,139,203,643,707,651,715,1155,1219,1163,1227,1667,1731,1675,1739,2179,2243,2187,2251,2691,2755,2699,2763,3203,3267,3211,3275,3715,3779,3723,3787,259,323,267,331,771,835,779,843,1283,1347,1291,1355,1795,1859,1803,1867,2307,2371,2315,2379,2819,2883,2827,2891,3331,3395,3339,3403,3843,3907,3851,3915,387,451,395,459,899,963,907,971,1411,1475,1419,1483,1923,1987,1931,1995,2435,2499,2443,2507,2947,3011,2955,3019,3459,3523,3467,3531,3971,4035,3979,4043,4,68,12,76,516,580,524,588,1028,1092,1036,1100,1540,1604,1548,1612,2052,2116,2060,2124,2564,2628,2572,2636,3076,3140,3084,3148,3588,3652,3596,3660,132,196,140,204,644,708,652,716,1156,1220,1164,1228,1668,1732,1676,1740,2180,2244,2188,2252,2692,2756,2700,2764,3204,3268,3212,3276,3716,3780,3724,3788,260,324,268,332,772,836,780,844,1284,1348,1292,1356,1796,1860,1804,1868,2308,2372,2316,2380,2820,2884,2828,2892,3332,3396,3340,3404,3844,3908,3852,3916,388,452,396,460,900,964,908,972,1412,1476,1420,1484,1924,1988,1932,1996,2436,2500,2444,2508,2948,3012,2956,3020,3460,3524,3468,3532,3972,4036,3980,4044,5,69,13,77,517,581,525,589,1029,1093,1037,1101,1541,1605,1549,1613,2053,2117,2061,2125,2565,2629,2573,2637,3077,3141,3085,3149,3589,3653,3597,3661,133,197,141,205,645,709,653,717,1157,1221,1165,1229,1669,1733,1677,1741,2181,2245,2189,2253,2693,2757,2701,2765,3205,3269,3213,3277,3717,3781,3725,3789,261,325,269,333,773,837,781,845,1285,1349,1293,1357,1797,1861,1805,1869,2309,2373,2317,2381,2821,2885,2829,2893,3333,3397,3341,3405,3845,3909,3853,3917,389,453,397,461,901,965,909,973,1413,1477,1421,1485,1925,1989,1933,1997,2437,2501,2445,2509,2949,3013,2957,3021,3461,3525,3469,3533,3973,4037,3981,4045,6,70,14,78,518,582,526,590,1030,1094,1038,1102,1542,1606,1550,1614,2054,2118,2062,2126,2566,2630,2574,2638,3078,3142,3086,3150,3590,3654,3598,3662,134,198,142,206,646,710,654,718,1158,1222,1166,1230,1670,1734,1678,1742,2182,2246,2190,2254,2694,2758,2702,2766,3206,3270,3214,3278,3718,3782,3726,3790,262,326,270,334,774,838,782,846,1286,1350,1294,1358,1798,1862,1806,1870,2310,2374,2318,2382,2822,2886,2830,2894,3334,3398,3342,3406,3846,3910,3854,3918,390,454,398,462,902,966,910,974,1414,1478,1422,1486,1926,1990,1934,1998,2438,2502,2446,2510,2950,3014,2958,3022,3462,3526,3470,3534,3974,4038,3982,4046,7,71,15,79,519,583,527,591,1031,1095,1039,1103,1543,1607,1551,1615,2055,2119,2063,2127,2567,2631,2575,2639,3079,3143,3087,3151,3591,3655,3599,3663,135,199,143,207,647,711,655,719,1159,1223,1167,1231,1671,1735,1679,1743,2183,2247,2191,2255,2695,2759,2703,2767,3207,3271,3215,3279,3719,3783,3727,3791,263,327,271,335,775,839,783,847,1287,1351,1295,1359,1799,1863,1807,1871,2311,2375,2319,2383,2823,2887,2831,2895,3335,3399,3343,3407,3847,3911,3855,3919,391,455,399,463,903,967,911,975,1415,1479,1423,1487,1927,1991,1935,1999,2439,2503,2447,2511,2951,3015,2959,3023,3463,3527,3471,3535,3975,4039,3983,4047,16,80,24,88,528,592,536,600,1040,1104,1048,1112,1552,1616,1560,1624,2064,2128,2072,2136,2576,2640,2584,2648,3088,3152,3096,3160,3600,3664,3608,3672,144,208,152,216,656,720,664,728,1168,1232,1176,1240,1680,1744,1688,1752,2192,2256,2200,2264,2704,2768,2712,2776,3216,3280,3224,3288,3728,3792,3736,3800,272,336,280,344,784,848,792,856,1296,1360,1304,1368,1808,1872,1816,1880,2320,2384,2328,2392,2832,2896,2840,2904,3344,3408,3352,3416,3856,3920,3864,3928,400,464,408,472,912,976,920,984,1424,1488,1432,1496,1936,2000,1944,2008,2448,2512,2456,2520,2960,3024,2968,3032,3472,3536,3480,3544,3984,4048,3992,4056,17,81,25,89,529,593,537,601,1041,1105,1049,1113,1553,1617,1561,1625,2065,2129,2073,2137,2577,2641,2585,2649,3089,3153,3097,3161,3601,3665,3609,3673,145,209,153,217,657,721,665,729,1169,1233,1177,1241,1681,1745,1689,1753,2193,2257,2201,2265,2705,2769,2713,2777,3217,3281,3225,3289,3729,3793,3737,3801,273,337,281,345,785,849,793,857,1297,1361,1305,1369,1809,1873,1817,1881,2321,2385,2329,2393,2833,2897,2841,2905,3345,3409,3353,3417,3857,3921,3865,3929,401,465,409,473,913,977,921,985,1425,1489,1433,1497,1937,2001,1945,2009,2449,2513,2457,2521,2961,3025,2969,3033,3473,3537,3481,3545,3985,4049,3993,4057,18,82,26,90,530,594,538,602,1042,1106,1050,1114,1554,1618,1562,1626,2066,2130,2074,2138,2578,2642,2586,2650,3090,3154,3098,3162,3602,3666,3610,3674,146,210,154,218,658,722,666,730,1170,1234,1178,1242,1682,1746,1690,1754,2194,2258,2202,2266,2706,2770,2714,2778,3218,3282,3226,3290,3730,3794,3738,3802,274,338,282,346,786,850,794,858,1298,1362,1306,1370,1810,1874,1818,1882,2322,2386,2330,2394,2834,2898,2842,2906,3346,3410,3354,3418,3858,3922,3866,3930,402,466,410,474,914,978,922,986,1426,1490,1434,1498,1938,2002,1946,2010,2450,2514,2458,2522,2962,3026,2970,3034,3474,3538,3482,3546,3986,4050,3994,4058,19,83,27,91,531,595,539,603,1043,1107,1051,1115,1555,1619,1563,1627,2067,2131,2075,2139,2579,2643,2587,2651,3091,3155,3099,3163,3603,3667,3611,3675,147,211,155,219,659,723,667,731,1171,1235,1179,1243,1683,1747,1691,1755,2195,2259,2203,2267,2707,2771,2715,2779,3219,3283,3227,3291,3731,3795,3739,3803,275,339,283,347,787,851,795,859,1299,1363,1307,1371,1811,1875,1819,1883,2323,2387,2331,2395,2835,2899,2843,2907,3347,3411,3355,3419,3859,3923,3867,3931,403,467,411,475,915,979,923,987,1427,1491,1435,1499,1939,2003,1947,2011,2451,2515,2459,2523,2963,3027,2971,3035,3475,3539,3483,3547,3987,4051,3995,4059,20,84,28,92,532,596,540,604,1044,1108,1052,1116,1556,1620,1564,1628,2068,2132,2076,2140,2580,2644,2588,2652,3092,3156,3100,3164,3604,3668,3612,3676,148,212,156,220,660,724,668,732,1172,1236,1180,1244,1684,1748,1692,1756,2196,2260,2204,2268,2708,2772,2716,2780,3220,3284,3228,3292,3732,3796,3740,3804,276,340,284,348,788,852,796,860,1300,1364,1308,1372,1812,1876,1820,1884,2324,2388,2332,2396,2836,2900,2844,2908,3348,3412,3356,3420,3860,3924,3868,3932,404,468,412,476,916,980,924,988,1428,1492,1436,1500,1940,2004,1948,2012,2452,2516,2460,2524,2964,3028,2972,3036,3476,3540,3484,3548,3988,4052,3996,4060,21,85,29,93,533,597,541,605,1045,1109,1053,1117,1557,1621,1565,1629,2069,2133,2077,2141,2581,2645,2589,2653,3093,3157,3101,3165,3605,3669,3613,3677,149,213,157,221,661,725,669,733,1173,1237,1181,1245,1685,1749,1693,1757,2197,2261,2205,2269,2709,2773,2717,2781,3221,3285,3229,3293,3733,3797,3741,3805,277,341,285,349,789,853,797,861,1301,1365,1309,1373,1813,1877,1821,1885,2325,2389,2333,2397,2837,2901,2845,2909,3349,3413,3357,3421,3861,3925,3869,3933,405,469,413,477,917,981,925,989,1429,1493,1437,1501,1941,2005,1949,2013,2453,2517,2461,2525,2965,3029,2973,3037,3477,3541,3485,3549,3989,4053,3997,4061,22,86,30,94,534,598,542,606,1046,1110,1054,1118,1558,1622,1566,1630,2070,2134,2078,2142,2582,2646,2590,2654,3094,3158,3102,3166,3606,3670,3614,3678,150,214,158,222,662,726,670,734,1174,1238,1182,1246,1686,1750,1694,1758,2198,2262,2206,2270,2710,2774,2718,2782,3222,3286,3230,3294,3734,3798,3742,3806,278,342,286,350,790,854,798,862,1302,1366,1310,1374,1814,1878,1822,1886,2326,2390,2334,2398,2838,2902,2846,2910,3350,3414,3358,3422,3862,3926,3870,3934,406,470,414,478,918,982,926,990,1430,1494,1438,1502,1942,2006,1950,2014,2454,2518,2462,2526,2966,3030,2974,3038,3478,3542,3486,3550,3990,4054,3998,4062,23,87,31,95,535,599,543,607,1047,1111,1055,1119,1559,1623,1567,1631,2071,2135,2079,2143,2583,2647,2591,2655,3095,3159,3103,3167,3607,3671,3615,3679,151,215,159,223,663,727,671,735,1175,1239,1183,1247,1687,1751,1695,1759,2199,2263,2207,2271,2711,2775,2719,2783,3223,3287,3231,3295,3735,3799,3743,3807,279,343,287,351,791,855,799,863,1303,1367,1311,1375,1815,1879,1823,1887,2327,2391,2335,2399,2839,2903,2847,2911,3351,3415,3359,3423,3863,3927,3871,3935,407,471,415,479,919,983,927,991,1431,1495,1439,1503,1943,2007,1951,2015,2455,2519,2463,2527,2967,3031,2975,3039,3479,3543,3487,3551,3991,4055,3999,4063,32,96,40,104,544,608,552,616,1056,1120,1064,1128,1568,1632,1576,1640,2080,2144,2088,2152,2592,2656,2600,2664,3104,3168,3112,3176,3616,3680,3624,3688,160,224,168,232,672,736,680,744,1184,1248,1192,1256,1696,1760,1704,1768,2208,2272,2216,2280,2720,2784,2728,2792,3232,3296,3240,3304,3744,3808,3752,3816,288,352,296,360,800,864,808,872,1312,1376,1320,1384,1824,1888,1832,1896,2336,2400,2344,2408,2848,2912,2856,2920,3360,3424,3368,3432,3872,3936,3880,3944,416,480,424,488,928,992,936,1000,1440,1504,1448,1512,1952,2016,1960,2024,2464,2528,2472,2536,2976,3040,2984,3048,3488,3552,3496,3560,4000,4064,4008,4072,33,97,41,105,545,609,553,617,1057,1121,1065,1129,1569,1633,1577,1641,2081,2145,2089,2153,2593,2657,2601,2665,3105,3169,3113,3177,3617,3681,3625,3689,161,225,169,233,673,737,681,745,1185,1249,1193,1257,1697,1761,1705,1769,2209,2273,2217,2281,2721,2785,2729,2793,3233,3297,3241,3305,3745,3809,3753,3817,289,353,297,361,801,865,809,873,1313,1377,1321,1385,1825,1889,1833,1897,2337,2401,2345,2409,2849,2913,2857,2921,3361,3425,3369,3433,3873,3937,3881,3945,417,481,425,489,929,993,937,1001,1441,1505,1449,1513,1953,2017,1961,2025,2465,2529,2473,2537,2977,3041,2985,3049,3489,3553,3497,3561,4001,4065,4009,4073,34,98,42,106,546,610,554,618,1058,1122,1066,1130,1570,1634,1578,1642,2082,2146,2090,2154,2594,2658,2602,2666,3106,3170,3114,3178,3618,3682,3626,3690,162,226,170,234,674,738,682,746,1186,1250,1194,1258,1698,1762,1706,1770,2210,2274,2218,2282,2722,2786,2730,2794,3234,3298,3242,3306,3746,3810,3754,3818,290,354,298,362,802,866,810,874,1314,1378,1322,1386,1826,1890,1834,1898,2338,2402,2346,2410,2850,2914,2858,2922,3362,3426,3370,3434,3874,3938,3882,3946,418,482,426,490,930,994,938,1002,1442,1506,1450,1514,1954,2018,1962,2026,2466,2530,2474,2538,2978,3042,2986,3050,3490,3554,3498,3562,4002,4066,4010,4074,35,99,43,107,547,611,555,619,1059,1123,1067,1131,1571,1635,1579,1643,2083,2147,2091,2155,2595,2659,2603,2667,3107,3171,3115,3179,3619,3683,3627,3691,163,227,171,235,675,739,683,747,1187,1251,1195,1259,1699,1763,1707,1771,2211,2275,2219,2283,2723,2787,2731,2795,3235,3299,3243,3307,3747,3811,3755,3819,291,355,299,363,803,867,811,875,1315,1379,1323,1387,1827,1891,1835,1899,2339,2403,2347,2411,2851,2915,2859,2923,3363,3427,3371,3435,3875,3939,3883,3947,419,483,427,491,931,995,939,1003,1443,1507,1451,1515,1955,2019,1963,2027,2467,2531,2475,2539,2979,3043,2987,3051,3491,3555,3499,3563,4003,4067,4011,4075,36,100,44,108,548,612,556,620,1060,1124,1068,1132,1572,1636,1580,1644,2084,2148,2092,2156,2596,2660,2604,2668,3108,3172,3116,3180,3620,3684,3628,3692,164,228,172,236,676,740,684,748,1188,1252,1196,1260,1700,1764,1708,1772,2212,2276,2220,2284,2724,2788,2732,2796,3236,3300,3244,3308,3748,3812,3756,3820,292,356,300,364,804,868,812,876,1316,1380,1324,1388,1828,1892,1836,1900,2340,2404,2348,2412,2852,2916,2860,2924,3364,3428,3372,3436,3876,3940,3884,3948,420,484,428,492,932,996,940,1004,1444,1508,1452,1516,1956,2020,1964,2028,2468,2532,2476,2540,2980,3044,2988,3052,3492,3556,3500,3564,4004,4068,4012,4076,37,101,45,109,549,613,557,621,1061,1125,1069,1133,1573,1637,1581,1645,2085,2149,2093,2157,2597,2661,2605,2669,3109,3173,3117,3181,3621,3685,3629,3693,165,229,173,237,677,741,685,749,1189,1253,1197,1261,1701,1765,1709,1773,2213,2277,2221,2285,2725,2789,2733,2797,3237,3301,3245,3309,3749,3813,3757,3821,293,357,301,365,805,869,813,877,1317,1381,1325,1389,1829,1893,1837,1901,2341,2405,2349,2413,2853,2917,2861,2925,3365,3429,3373,3437,3877,3941,3885,3949,421,485,429,493,933,997,941,1005,1445,1509,1453,1517,1957,2021,1965,2029,2469,2533,2477,2541,2981,3045,2989,3053,3493,3557,3501,3565,4005,4069,4013,4077,38,102,46,110,550,614,558,622,1062,1126,1070,1134,1574,1638,1582,1646,2086,2150,2094,2158,2598,2662,2606,2670,3110,3174,3118,3182,3622,3686,3630,3694,166,230,174,238,678,742,686,750,1190,1254,1198,1262,1702,1766,1710,1774,2214,2278,2222,2286,2726,2790,2734,2798,3238,3302,3246,3310,3750,3814,3758,3822,294,358,302,366,806,870,814,878,1318,1382,1326,1390,1830,1894,1838,1902,2342,2406,2350,2414,2854,2918,2862,2926,3366,3430,3374,3438,3878,3942,3886,3950,422,486,430,494,934,998,942,1006,1446,1510,1454,1518,1958,2022,1966,2030,2470,2534,2478,2542,2982,3046,2990,3054,3494,3558,3502,3566,4006,4070,4014,4078,39,103,47,111,551,615,559,623,1063,1127,1071,1135,1575,1639,1583,1647,2087,2151,2095,2159,2599,2663,2607,2671,3111,3175,3119,3183,3623,3687,3631,3695,167,231,175,239,679,743,687,751,1191,1255,1199,1263,1703,1767,1711,1775,2215,2279,2223,2287,2727,2791,2735,2799,3239,3303,3247,3311,3751,3815,3759,3823,295,359,303,367,807,871,815,879,1319,1383,1327,1391,1831,1895,1839,1903,2343,2407,2351,2415,2855,2919,2863,2927,3367,3431,3375,3439,3879,3943,3887,3951,423,487,431,495,935,999,943,1007,1447,1511,1455,1519,1959,2023,1967,2031,2471,2535,2479,2543,2983,3047,2991,3055,3495,3559,3503,3567,4007,4071,4015,4079,48,112,56,120,560,624,568,632,1072,1136,1080,1144,1584,1648,1592,1656,2096,2160,2104,2168,2608,2672,2616,2680,3120,3184,3128,3192,3632,3696,3640,3704,176,240,184,248,688,752,696,760,1200,1264,1208,1272,1712,1776,1720,1784,2224,2288,2232,2296,2736,2800,2744,2808,3248,3312,3256,3320,3760,3824,3768,3832,304,368,312,376,816,880,824,888,1328,1392,1336,1400,1840,1904,1848,1912,2352,2416,2360,2424,2864,2928,2872,2936,3376,3440,3384,3448,3888,3952,3896,3960,432,496,440,504,944,1008,952,1016,1456,1520,1464,1528,1968,2032,1976,2040,2480,2544,2488,2552,2992,3056,3000,3064,3504,3568,3512,3576,4016,4080,4024,4088,49,113,57,121,561,625,569,633,1073,1137,1081,1145,1585,1649,1593,1657,2097,2161,2105,2169,2609,2673,2617,2681,3121,3185,3129,3193,3633,3697,3641,3705,177,241,185,249,689,753,697,761,1201,1265,1209,1273,1713,1777,1721,1785,2225,2289,2233,2297,2737,2801,2745,2809,3249,3313,3257,3321,3761,3825,3769,3833,305,369,313,377,817,881,825,889,1329,1393,1337,1401,1841,1905,1849,1913,2353,2417,2361,2425,2865,2929,2873,2937,3377,3441,3385,3449,3889,3953,3897,3961,433,497,441,505,945,1009,953,1017,1457,1521,1465,1529,1969,2033,1977,2041,2481,2545,2489,2553,2993,3057,3001,3065,3505,3569,3513,3577,4017,4081,4025,4089,50,114,58,122,562,626,570,634,1074,1138,1082,1146,1586,1650,1594,1658,2098,2162,2106,2170,2610,2674,2618,2682,3122,3186,3130,3194,3634,3698,3642,3706,178,242,186,250,690,754,698,762,1202,1266,1210,1274,1714,1778,1722,1786,2226,2290,2234,2298,2738,2802,2746,2810,3250,3314,3258,3322,3762,3826,3770,3834,306,370,314,378,818,882,826,890,1330,1394,1338,1402,1842,1906,1850,1914,2354,2418,2362,2426,2866,2930,2874,2938,3378,3442,3386,3450,3890,3954,3898,3962,434,498,442,506,946,1010,954,1018,1458,1522,1466,1530,1970,2034,1978,2042,2482,2546,2490,2554,2994,3058,3002,3066,3506,3570,3514,3578,4018,4082,4026,4090,51,115,59,123,563,627,571,635,1075,1139,1083,1147,1587,1651,1595,1659,2099,2163,2107,2171,2611,2675,2619,2683,3123,3187,3131,3195,3635,3699,3643,3707,179,243,187,251,691,755,699,763,1203,1267,1211,1275,1715,1779,1723,1787,2227,2291,2235,2299,2739,2803,2747,2811,3251,3315,3259,3323,3763,3827,3771,3835,307,371,315,379,819,883,827,891,1331,1395,1339,1403,1843,1907,1851,1915,2355,2419,2363,2427,2867,2931,2875,2939,3379,3443,3387,3451,3891,3955,3899,3963,435,499,443,507,947,1011,955,1019,1459,1523,1467,1531,1971,2035,1979,2043,2483,2547,2491,2555,2995,3059,3003,3067,3507,3571,3515,3579,4019,4083,4027,4091,52,116,60,124,564,628,572,636,1076,1140,1084,1148,1588,1652,1596,1660,2100,2164,2108,2172,2612,2676,2620,2684,3124,3188,3132,3196,3636,3700,3644,3708,180,244,188,252,692,756,700,764,1204,1268,1212,1276,1716,1780,1724,1788,2228,2292,2236,2300,2740,2804,2748,2812,3252,3316,3260,3324,3764,3828,3772,3836,308,372,316,380,820,884,828,892,1332,1396,1340,1404,1844,1908,1852,1916,2356,2420,2364,2428,2868,2932,2876,2940,3380,3444,3388,3452,3892,3956,3900,3964,436,500,444,508,948,1012,956,1020,1460,1524,1468,1532,1972,2036,1980,2044,2484,2548,2492,2556,2996,3060,3004,3068,3508,3572,3516,3580,4020,4084,4028,4092,53,117,61,125,565,629,573,637,1077,1141,1085,1149,1589,1653,1597,1661,2101,2165,2109,2173,2613,2677,2621,2685,3125,3189,3133,3197,3637,3701,3645,3709,181,245,189,253,693,757,701,765,1205,1269,1213,1277,1717,1781,1725,1789,2229,2293,2237,2301,2741,2805,2749,2813,3253,3317,3261,3325,3765,3829,3773,3837,309,373,317,381,821,885,829,893,1333,1397,1341,1405,1845,1909,1853,1917,2357,2421,2365,2429,2869,2933,2877,2941,3381,3445,3389,3453,3893,3957,3901,3965,437,501,445,509,949,1013,957,1021,1461,1525,1469,1533,1973,2037,1981,2045,2485,2549,2493,2557,2997,3061,3005,3069,3509,3573,3517,3581,4021,4085,4029,4093,54,118,62,126,566,630,574,638,1078,1142,1086,1150,1590,1654,1598,1662,2102,2166,2110,2174,2614,2678,2622,2686,3126,3190,3134,3198,3638,3702,3646,3710,182,246,190,254,694,758,702,766,1206,1270,1214,1278,1718,1782,1726,1790,2230,2294,2238,2302,2742,2806,2750,2814,3254,3318,3262,3326,3766,3830,3774,3838,310,374,318,382,822,886,830,894,1334,1398,1342,1406,1846,1910,1854,1918,2358,2422,2366,2430,2870,2934,2878,2942,3382,3446,3390,3454,3894,3958,3902,3966,438,502,446,510,950,1014,958,1022,1462,1526,1470,1534,1974,2038,1982,2046,2486,2550,2494,2558,2998,3062,3006,3070,3510,3574,3518,3582,4022,4086,4030,4094,55,119,63,127,567,631,575,639,1079,1143,1087,1151,1591,1655,1599,1663,2103,2167,2111,2175,2615,2679,2623,2687,3127,3191,3135,3199,3639,3703,3647,3711,183,247,191,255,695,759,703,767,1207,1271,1215,1279,1719,1783,1727,1791,2231,2295,2239,2303,2743,2807,2751,2815,3255,3319,3263,3327,3767,3831,3775,3839,311,375,319,383,823,887,831,895,1335,1399,1343,1407,1847,1911,1855,1919,2359,2423,2367,2431,2871,2935,2879,2943,3383,3447,3391,3455,3895,3959,3903,3967,439,503,447,511,951,1015,959,1023,1463,1527,1471,1535,1975,2039,1983,2047,2487,2551,2495,2559,2999,3063,3007,3071,3511,3575,3519,3583,4023,4087,4031,4095
SHAPE sm80_m16n8k16|(_16,_8,_16)|threads=_32:_1
SHAPE sm90_m64n64k16|(_64,_64,_16)|threads=_128:_1
TILED sm80_2x2|TiledMMA
  ThrLayoutVMNK:  (_32,_2,_2,_1):(_1,_32,_64,_0)
  PermutationMNK: (_,_,_)
MMA_Atom
  ThrID:      _32:_1
  Shape_MNK:  (_16,_8,_16)
  LayoutA_TV: ((_4,_8),(_2,_2,_2)):((_32,_1),(_16,_8,_128))
  LayoutB_TV: ((_4,_8),(_2,_2)):((_16,_1),(_8,_64))
  LayoutC_TV: ((_4,_8),(_2,_2)):((_32,_1),(_16,_8))

