# 2410.12784v2 Table 6: Rate of inconsistency between trials for each fine-tuned judge.
Judge	Inconsistent
PandaLM-7B	29.14%
Prometheus2-7b	52.29%
Prometheus2-8x7b	40.00%
Prometheus2-bgb-8x7b	43.71%
JudgeLM-7B	59.71%
JudgeLM-13B	54.57%
JudgeLM-33B	38.00%
AutoJ	43.71%
Skywork-Llama-3.1B-8B	18.86%
Skywork-Llama-3.1B-70B	18.29%
