sm_80 8 0 64 167936 166912 12 0 32 0
sm_80 8 0 64 167936 166912 12 0 64 0
sm_80 8 0 64 167936 166912 12 0 96 0
sm_80 8 0 64 167936 166912 12 0 128 0
sm_80 8 0 64 167936 166912 12 0 160 0
sm_80 8 0 64 167936 166912 12 0 192 0
sm_80 8 0 64 167936 166912 12 0 224 0
sm_80 8 0 64 167936 166912 12 0 256 0
sm_80 8 0 64 167936 166912 12 0 288 0
sm_80 8 0 64 167936 166912 12 0 320 0
sm_80 8 0 64 167936 166912 12 0 352 0
sm_80 8 0 64 167936 166912 12 0 384 0
sm_80 8 0 64 167936 166912 12 0 416 0
sm_80 8 0 64 167936 166912 12 0 448 0
sm_80 8 0 64 167936 166912 12 0 480 0
sm_80 8 0 64 167936 166912 12 0 512 0
sm_80 8 0 64 167936 166912 12 0 544 0
sm_80 8 0 64 167936 166912 12 0 576 0
sm_80 8 0 64 167936 166912 12 0 608 0
sm_80 8 0 64 167936 166912 12 0 640 0
sm_80 8 0 64 167936 166912 12 0 672 0
sm_80 8 0 64 167936 166912 12 0 704 0
sm_80 8 0 64 167936 166912 12 0 736 0
sm_80 8 0 64 167936 166912 12 0 768 0
sm_80 8 0 64 167936 166912 12 0 800 0
sm_80 8 0 64 167936 166912 12 0 832 0
sm_80 8 0 64 167936 166912 12 0 864 0
sm_80 8 0 64 167936 166912 12 0 896 0
sm_80 8 0 64 167936 166912 12 0 928 0
sm_80 8 0 64 167936 166912 12 0 960 0
sm_80 8 0 64 167936 166912 12 0 992 0
sm_80 8 0 64 167936 166912 12 0 1024 0
sm_90a 9 0 64 233472 232448 12 0 32 0
sm_90a 9 0 64 233472 232448 12 0 64 0
sm_90a 9 0 64 233472 232448 12 0 96 0
sm_90a 9 0 64 233472 232448 12 0 128 0
sm_90a 9 0 64 233472 232448 12 0 160 0
sm_90a 9 0 64 233472 232448 12 0 192 0
sm_90a 9 0 64 233472 232448 12 0 224 0
sm_90a 9 0 64 233472 232448 12 0 256 0
sm_90a 9 0 64 233472 232448 12 0 288 0
sm_90a 9 0 64 233472 232448 12 0 320 0
sm_90a 9 0 64 233472 232448 12 0 352 0
sm_90a 9 0 64 233472 232448 12 0 384 0
sm_90a 9 0 64 233472 232448 12 0 416 0
sm_90a 9 0 64 233472 232448 12 0 448 0
sm_90a 9 0 64 233472 232448 12 0 480 0
sm_90a 9 0 64 233472 232448 12 0 512 0
sm_90a 9 0 64 233472 232448 12 0 544 0
sm_90a 9 0 64 233472 232448 12 0 576 0
sm_90a 9 0 64 233472 232448 12 0 608 0
sm_90a 9 0 64 233472 232448 12 0 640 0
sm_90a 9 0 64 233472 232448 12 0 672 0
sm_90a 9 0 64 233472 232448 12 0 704 0
sm_90a 9 0 64 233472 232448 12 0 736 0
sm_90a 9 0 64 233472 232448 12 0 768 0
sm_90a 9 0 64 233472 232448 12 0 800 0
sm_90a 9 0 64 233472 232448 12 0 832 0
sm_90a 9 0 64 233472 232448 12 0 864 0
sm_90a 9 0 64 233472 232448 12 0 896 0
sm_90a 9 0 64 233472 232448 12 0 928 0
sm_90a 9 0 64 233472 232448 12 0 960 0
sm_90a 9 0 64 233472 232448 12 0 992 0
sm_90a 9 0 64 233472 232448 12 0 1024 0
sm_100a 10 0 64 233472 232448 12 0 32 0
sm_100a 10 0 64 233472 232448 12 0 64 0
sm_100a 10 0 64 233472 232448 12 0 96 0
sm_100a 10 0 64 233472 232448 12 0 128 0
sm_100a 10 0 64 233472 232448 12 0 160 0
sm_100a 10 0 64 233472 232448 12 0 192 0
sm_100a 10 0 64 233472 232448 12 0 224 0
sm_100a 10 0 64 233472 232448 12 0 256 0
sm_100a 10 0 64 233472 232448 12 0 288 0
sm_100a 10 0 64 233472 232448 12 0 320 0
sm_100a 10 0 64 233472 232448 12 0 352 0
sm_100a 10 0 64 233472 232448 12 0 384 0
sm_100a 10 0 64 233472 232448 12 0 416 0
sm_100a 10 0 64 233472 232448 12 0 448 0
sm_100a 10 0 64 233472 232448 12 0 480 0
sm_100a 10 0 64 233472 232448 12 0 512 0
sm_100a 10 0 64 233472 232448 12 0 544 0
sm_100a 10 0 64 233472 232448 12 0 576 0
sm_100a 10 0 64 233472 232448 12 0 608 0
sm_100a 10 0 64 233472 232448 12 0 640 0
sm_100a 10 0 64 233472 232448 12 0 672 0
sm_100a 10 0 64 233472 232448 12 0 704 0
sm_100a 10 0 64 233472 232448 12 0 736 0
sm_100a 10 0 64 233472 232448 12 0 768 0
sm_100a 10 0 64 233472 232448 12 0 800 0
sm_100a 10 0 64 233472 232448 12 0 832 0
sm_100a 10 0 64 233472 232448 12 0 864 0
sm_100a 10 0 64 233472 232448 12 0 896 0
sm_100a 10 0 64 233472 232448 12 0 928 0
sm_100a 10 0 64 233472 232448 12 0 960 0
sm_100a 10 0 64 233472 232448 12 0 992 0
sm_100a 10 0 64 233472 232448 12 0 1024 0
sm_120 12 0 48 102400 101376 12 0 32 0
sm_120 12 0 48 102400 101376 12 0 64 0
sm_120 12 0 48 102400 101376 12 0 96 0
sm_120 12 0 48 102400 101376 12 0 128 0
sm_120 12 0 48 102400 101376 12 0 160 0
sm_120 12 0 48 102400 101376 12 0 192 0
sm_120 12 0 48 102400 101376 12 0 224 0
sm_120 12 0 48 102400 101376 12 0 256 0
sm_120 12 0 48 102400 101376 12 0 288 0
sm_120 12 0 48 102400 101376 12 0 320 0
sm_120 12 0 48 102400 101376 12 0 352 0
sm_120 12 0 48 102400 101376 12 0 384 0
sm_120 12 0 48 102400 101376 12 0 416 0
sm_120 12 0 48 102400 101376 12 0 448 0
sm_120 12 0 48 102400 101376 12 0 480 0
sm_120 12 0 48 102400 101376 12 0 512 0
sm_120 12 0 48 102400 101376 12 0 544 0
sm_120 12 0 48 102400 101376 12 0 576 0
sm_120 12 0 48 102400 101376 12 0 608 0
sm_120 12 0 48 102400 101376 12 0 640 0
sm_120 12 0 48 102400 101376 12 0 672 0
sm_120 12 0 48 102400 101376 12 0 704 0
sm_120 12 0 48 102400 101376 12 0 736 0
sm_120 12 0 48 102400 101376 12 0 768 0
sm_120 12 0 48 102400 101376 12 0 800 0
sm_120 12 0 48 102400 101376 12 0 832 0
sm_120 12 0 48 102400 101376 12 0 864 0
sm_120 12 0 48 102400 101376 12 0 896 0
sm_120 12 0 48 102400 101376 12 0 928 0
sm_120 12 0 48 102400 101376 12 0 960 0
sm_120 12 0 48 102400 101376 12 0 992 0
sm_120 12 0 48 102400 101376 12 0 1024 0
sm_80 8 0 64 167936 166912 32 0 32 0
sm_80 8 0 64 167936 166912 32 0 64 0
sm_80 8 0 64 167936 166912 32 0 96 0
sm_80 8 0 64 167936 166912 32 0 128 0
sm_80 8 0 64 167936 166912 32 0 160 0
sm_80 8 0 64 167936 166912 32 0 192 0
sm_80 8 0 64 167936 166912 32 0 224 0
sm_80 8 0 64 167936 166912 32 0 256 0
sm_80 8 0 64 167936 166912 32 0 288 0
sm_80 8 0 64 167936 166912 32 0 320 0
sm_80 8 0 64 167936 166912 32 0 352 0
sm_80 8 0 64 167936 166912 32 0 384 0
sm_80 8 0 64 167936 166912 32 0 416 0
sm_80 8 0 64 167936 166912 32 0 448 0
sm_80 8 0 64 167936 166912 32 0 480 0
sm_80 8 0 64 167936 166912 32 0 512 0
sm_80 8 0 64 167936 166912 32 0 544 0
sm_80 8 0 64 167936 166912 32 0 576 0
sm_80 8 0 64 167936 166912 32 0 608 0
sm_80 8 0 64 167936 166912 32 0 640 0
sm_80 8 0 64 167936 166912 32 0 672 0
sm_80 8 0 64 167936 166912 32 0 704 0
sm_80 8 0 64 167936 166912 32 0 736 0
sm_80 8 0 64 167936 166912 32 0 768 0
sm_80 8 0 64 167936 166912 32 0 800 0
sm_80 8 0 64 167936 166912 32 0 832 0
sm_80 8 0 64 167936 166912 32 0 864 0
sm_80 8 0 64 167936 166912 32 0 896 0
sm_80 8 0 64 167936 166912 32 0 928 0
sm_80 8 0 64 167936 166912 32 0 960 0
sm_80 8 0 64 167936 166912 32 0 992 0
sm_80 8 0 64 167936 166912 32 0 1024 0
sm_90a 9 0 64 233472 232448 32 0 32 0
sm_90a 9 0 64 233472 232448 32 0 64 0
sm_90a 9 0 64 233472 232448 32 0 96 0
sm_90a 9 0 64 233472 232448 32 0 128 0
sm_90a 9 0 64 233472 232448 32 0 160 0
sm_90a 9 0 64 233472 232448 32 0 192 0
sm_90a 9 0 64 233472 232448 32 0 224 0
sm_90a 9 0 64 233472 232448 32 0 256 0
sm_90a 9 0 64 233472 232448 32 0 288 0
sm_90a 9 0 64 233472 232448 32 0 320 0
sm_90a 9 0 64 233472 232448 32 0 352 0
sm_90a 9 0 64 233472 232448 32 0 384 0
sm_90a 9 0 64 233472 232448 32 0 416 0
sm_90a 9 0 64 233472 232448 32 0 448 0
sm_90a 9 0 64 233472 232448 32 0 480 0
sm_90a 9 0 64 233472 232448 32 0 512 0
sm_90a 9 0 64 233472 232448 32 0 544 0
sm_90a 9 0 64 233472 232448 32 0 576 0
sm_90a 9 0 64 233472 232448 32 0 608 0
sm_90a 9 0 64 233472 232448 32 0 640 0
sm_90a 9 0 64 233472 232448 32 0 672 0
sm_90a 9 0 64 233472 232448 32 0 704 0
sm_90a 9 0 64 233472 232448 32 0 736 0
sm_90a 9 0 64 233472 232448 32 0 768 0
sm_90a 9 0 64 233472 232448 32 0 800 0
sm_90a 9 0 64 233472 232448 32 0 832 0
sm_90a 9 0 64 233472 232448 32 0 864 0
sm_90a 9 0 64 233472 232448 32 0 896 0
sm_90a 9 0 64 233472 232448 32 0 928 0
sm_90a 9 0 64 233472 232448 32 0 960 0
sm_90a 9 0 64 233472 232448 32 0 992 0
sm_90a 9 0 64 233472 232448 32 0 1024 0
sm_100a 10 0 64 233472 232448 32 0 32 0
sm_100a 10 0 64 233472 232448 32 0 64 0
sm_100a 10 0 64 233472 232448 32 0 96 0
sm_100a 10 0 64 233472 232448 32 0 128 0
sm_100a 10 0 64 233472 232448 32 0 160 0
sm_100a 10 0 64 233472 232448 32 0 192 0
sm_100a 10 0 64 233472 232448 32 0 224 0
sm_100a 10 0 64 233472 232448 32 0 256 0
sm_100a 10 0 64 233472 232448 32 0 288 0
sm_100a 10 0 64 233472 232448 32 0 320 0
sm_100a 10 0 64 233472 232448 32 0 352 0
sm_100a 10 0 64 233472 232448 32 0 384 0
sm_100a 10 0 64 233472 232448 32 0 416 0
sm_100a 10 0 64 233472 232448 32 0 448 0
sm_100a 10 0 64 233472 232448 32 0 480 0
sm_100a 10 0 64 233472 232448 32 0 512 0
sm_100a 10 0 64 233472 232448 32 0 544 0
sm_100a 10 0 64 233472 232448 32 0 576 0
sm_100a 10 0 64 233472 232448 32 0 608 0
sm_100a 10 0 64 233472 232448 32 0 640 0
sm_100a 10 0 64 233472 232448 32 0 672 0
sm_100a 10 0 64 233472 232448 32 0 704 0
sm_100a 10 0 64 233472 232448 32 0 736 0
sm_100a 10 0 64 233472 232448 32 0 768 0
sm_100a 10 0 64 233472 232448 32 0 800 0
sm_100a 10 0 64 233472 232448 32 0 832 0
sm_100a 10 0 64 233472 232448 32 0 864 0
sm_100a 10 0 64 233472 232448 32 0 896 0
sm_100a 10 0 64 233472 232448 32 0 928 0
sm_100a 10 0 64 233472 232448 32 0 960 0
sm_100a 10 0 64 233472 232448 32 0 992 0
sm_100a 10 0 64 233472 232448 32 0 1024 0
sm_120 12 0 48 102400 101376 32 0 32 0
sm_120 12 0 48 102400 101376 32 0 64 0
sm_120 12 0 48 102400 101376 32 0 96 0
sm_120 12 0 48 102400 101376 32 0 128 0
sm_120 12 0 48 102400 101376 32 0 160 0
sm_120 12 0 48 102400 101376 32 0 192 0
sm_120 12 0 48 102400 101376 32 0 224 0
sm_120 12 0 48 102400 101376 32 0 256 0
sm_120 12 0 48 102400 101376 32 0 288 0
sm_120 12 0 48 102400 101376 32 0 320 0
sm_120 12 0 48 102400 101376 32 0 352 0
sm_120 12 0 48 102400 101376 32 0 384 0
sm_120 12 0 48 102400 101376 32 0 416 0
sm_120 12 0 48 102400 101376 32 0 448 0
sm_120 12 0 48 102400 101376 32 0 480 0
sm_120 12 0 48 102400 101376 32 0 512 0
sm_120 12 0 48 102400 101376 32 0 544 0
sm_120 12 0 48 102400 101376 32 0 576 0
sm_120 12 0 48 102400 101376 32 0 608 0
sm_120 12 0 48 102400 101376 32 0 640 0
sm_120 12 0 48 102400 101376 32 0 672 0
sm_120 12 0 48 102400 101376 32 0 704 0
sm_120 12 0 48 102400 101376 32 0 736 0
sm_120 12 0 48 102400 101376 32 0 768 0
sm_120 12 0 48 102400 101376 32 0 800 0
sm_120 12 0 48 102400 101376 32 0 832 0
sm_120 12 0 48 102400 101376 32 0 864 0
sm_120 12 0 48 102400 101376 32 0 896 0
sm_120 12 0 48 102400 101376 32 0 928 0
sm_120 12 0 48 102400 101376 32 0 960 0
sm_120 12 0 48 102400 101376 32 0 992 0
sm_120 12 0 48 102400 101376 32 0 1024 0
sm_80 8 0 64 167936 166912 32 8192 1024 1
sm_90a 9 0 64 233472 232448 32 8192 1024 1
sm_100a 10 0 64 233472 232448 32 8192 1024 1
sm_120 12 0 48 102400 101376 38 8192 1024 1
sm_80 8 0 64 167936 166912 12 128 32 1
sm_80 8 0 64 167936 166912 12 128 64 1
sm_80 8 0 64 167936 166912 12 128 96 1
sm_80 8 0 64 167936 166912 12 128 128 1
sm_80 8 0 64 167936 166912 12 128 160 1
sm_80 8 0 64 167936 166912 12 128 192 1
sm_80 8 0 64 167936 166912 12 128 224 1
sm_80 8 0 64 167936 166912 12 128 256 1
sm_80 8 0 64 167936 166912 12 128 288 1
sm_80 8 0 64 167936 166912 12 128 320 1
sm_80 8 0 64 167936 166912 12 128 352 1
sm_80 8 0 64 167936 166912 12 128 384 1
sm_80 8 0 64 167936 166912 12 128 416 1
sm_80 8 0 64 167936 166912 12 128 448 1
sm_80 8 0 64 167936 166912 12 128 480 1
sm_80 8 0 64 167936 166912 12 128 512 1
sm_80 8 0 64 167936 166912 12 128 544 1
sm_80 8 0 64 167936 166912 12 128 576 1
sm_80 8 0 64 167936 166912 12 128 608 1
sm_80 8 0 64 167936 166912 12 128 640 1
sm_80 8 0 64 167936 166912 12 128 672 1
sm_80 8 0 64 167936 166912 12 128 704 1
sm_80 8 0 64 167936 166912 12 128 736 1
sm_80 8 0 64 167936 166912 12 128 768 1
sm_80 8 0 64 167936 166912 12 128 800 1
sm_80 8 0 64 167936 166912 12 128 832 1
sm_80 8 0 64 167936 166912 12 128 864 1
sm_80 8 0 64 167936 166912 12 128 896 1
sm_80 8 0 64 167936 166912 12 128 928 1
sm_80 8 0 64 167936 166912 12 128 960 1
sm_80 8 0 64 167936 166912 12 128 992 1
sm_80 8 0 64 167936 166912 12 128 1024 1
sm_90a 9 0 64 233472 232448 14 128 32 1
sm_90a 9 0 64 233472 232448 14 128 64 1
sm_90a 9 0 64 233472 232448 14 128 96 1
sm_90a 9 0 64 233472 232448 14 128 128 1
sm_90a 9 0 64 233472 232448 14 128 160 1
sm_90a 9 0 64 233472 232448 14 128 192 1
sm_90a 9 0 64 233472 232448 14 128 224 1
sm_90a 9 0 64 233472 232448 14 128 256 1
sm_90a 9 0 64 233472 232448 14 128 288 1
sm_90a 9 0 64 233472 232448 14 128 320 1
sm_90a 9 0 64 233472 232448 14 128 352 1
sm_90a 9 0 64 233472 232448 14 128 384 1
sm_90a 9 0 64 233472 232448 14 128 416 1
sm_90a 9 0 64 233472 232448 14 128 448 1
sm_90a 9 0 64 233472 232448 14 128 480 1
sm_90a 9 0 64 233472 232448 14 128 512 1
sm_90a 9 0 64 233472 232448 14 128 544 1
sm_90a 9 0 64 233472 232448 14 128 576 1
sm_90a 9 0 64 233472 232448 14 128 608 1
sm_90a 9 0 64 233472 232448 14 128 640 1
sm_90a 9 0 64 233472 232448 14 128 672 1
sm_90a 9 0 64 233472 232448 14 128 704 1
sm_90a 9 0 64 233472 232448 14 128 736 1
sm_90a 9 0 64 233472 232448 14 128 768 1
sm_90a 9 0 64 233472 232448 14 128 800 1
sm_90a 9 0 64 233472 232448 14 128 832 1
sm_90a 9 0 64 233472 232448 14 128 864 1
sm_90a 9 0 64 233472 232448 14 128 896 1
sm_90a 9 0 64 233472 232448 14 128 928 1
sm_90a 9 0 64 233472 232448 14 128 960 1
sm_90a 9 0 64 233472 232448 14 128 992 1
sm_90a 9 0 64 233472 232448 14 128 1024 1
sm_100a 10 0 64 233472 232448 14 128 32 1
sm_100a 10 0 64 233472 232448 14 128 64 1
sm_100a 10 0 64 233472 232448 14 128 96 1
sm_100a 10 0 64 233472 232448 14 128 128 1
sm_100a 10 0 64 233472 232448 14 128 160 1
sm_100a 10 0 64 233472 232448 14 128 192 1
sm_100a 10 0 64 233472 232448 14 128 224 1
sm_100a 10 0 64 233472 232448 14 128 256 1
sm_100a 10 0 64 233472 232448 14 128 288 1
sm_100a 10 0 64 233472 232448 14 128 320 1
sm_100a 10 0 64 233472 232448 14 128 352 1
sm_100a 10 0 64 233472 232448 14 128 384 1
sm_100a 10 0 64 233472 232448 14 128 416 1
sm_100a 10 0 64 233472 232448 14 128 448 1
sm_100a 10 0 64 233472 232448 14 128 480 1
sm_100a 10 0 64 233472 232448 14 128 512 1
sm_100a 10 0 64 233472 232448 14 128 544 1
sm_100a 10 0 64 233472 232448 14 128 576 1
sm_100a 10 0 64 233472 232448 14 128 608 1
sm_100a 10 0 64 233472 232448 14 128 640 1
sm_100a 10 0 64 233472 232448 14 128 672 1
sm_100a 10 0 64 233472 232448 14 128 704 1
sm_100a 10 0 64 233472 232448 14 128 736 1
sm_100a 10 0 64 233472 232448 14 128 768 1
sm_100a 10 0 64 233472 232448 14 128 800 1
sm_100a 10 0 64 233472 232448 14 128 832 1
sm_100a 10 0 64 233472 232448 14 128 864 1
sm_100a 10 0 64 233472 232448 14 128 896 1
sm_100a 10 0 64 233472 232448 14 128 928 1
sm_100a 10 0 64 233472 232448 14 128 960 1
sm_100a 10 0 64 233472 232448 14 128 992 1
sm_100a 10 0 64 233472 232448 14 128 1024 1
sm_120 12 0 48 102400 101376 14 128 32 1
sm_120 12 0 48 102400 101376 14 128 64 1
sm_120 12 0 48 102400 101376 14 128 96 1
sm_120 12 0 48 102400 101376 14 128 128 1
sm_120 12 0 48 102400 101376 14 128 160 1
sm_120 12 0 48 102400 101376 14 128 192 1
sm_120 12 0 48 102400 101376 14 128 224 1
sm_120 12 0 48 102400 101376 14 128 256 1
sm_120 12 0 48 102400 101376 14 128 288 1
sm_120 12 0 48 102400 101376 14 128 320 1
sm_120 12 0 48 102400 101376 14 128 352 1
sm_120 12 0 48 102400 101376 14 128 384 1
sm_120 12 0 48 102400 101376 14 128 416 1
sm_120 12 0 48 102400 101376 14 128 448 1
sm_120 12 0 48 102400 101376 14 128 480 1
sm_120 12 0 48 102400 101376 14 128 512 1
sm_120 12 0 48 102400 101376 14 128 544 1
sm_120 12 0 48 102400 101376 14 128 576 1
sm_120 12 0 48 102400 101376 14 128 608 1
sm_120 12 0 48 102400 101376 14 128 640 1
sm_120 12 0 48 102400 101376 14 128 672 1
sm_120 12 0 48 102400 101376 14 128 704 1
sm_120 12 0 48 102400 101376 14 128 736 1
sm_120 12 0 48 102400 101376 14 128 768 1
sm_120 12 0 48 102400 101376 14 128 800 1
sm_120 12 0 48 102400 101376 14 128 832 1
sm_120 12 0 48 102400 101376 14 128 864 1
sm_120 12 0 48 102400 101376 14 128 896 1
sm_120 12 0 48 102400 101376 14 128 928 1
sm_120 12 0 48 102400 101376 14 128 960 1
sm_120 12 0 48 102400 101376 14 128 992 1
sm_120 12 0 48 102400 101376 14 128 1024 1
sm_80 8 0 64 167936 166912 19 32 256 1
sm_90a 9 0 64 233472 232448 18 32 256 1
sm_100a 10 0 64 233472 232448 18 32 256 1
sm_120 12 0 48 102400 101376 17 32 256 1
sm_120 12 0 48 102400 101376 40 0 32 0
sm_120 12 0 48 102400 101376 40 0 64 0
sm_120 12 0 48 102400 101376 40 0 96 0
sm_120 12 0 48 102400 101376 40 0 128 0
sm_120 12 0 48 102400 101376 40 0 160 0
sm_120 12 0 48 102400 101376 40 0 192 0
sm_120 12 0 48 102400 101376 40 0 224 0
sm_120 12 0 48 102400 101376 40 0 256 0
sm_120 12 0 48 102400 101376 40 0 288 0
sm_120 12 0 48 102400 101376 40 0 320 0
sm_120 12 0 48 102400 101376 40 0 352 0
sm_120 12 0 48 102400 101376 40 0 384 0
sm_120 12 0 48 102400 101376 40 0 416 0
sm_120 12 0 48 102400 101376 40 0 448 0
sm_120 12 0 48 102400 101376 40 0 480 0
sm_120 12 0 48 102400 101376 40 0 512 0
sm_120 12 0 48 102400 101376 40 0 544 0
sm_120 12 0 48 102400 101376 40 0 576 0
sm_120 12 0 48 102400 101376 40 0 608 0
sm_120 12 0 48 102400 101376 40 0 640 0
sm_120 12 0 48 102400 101376 40 0 672 0
sm_120 12 0 48 102400 101376 40 0 704 0
sm_120 12 0 48 102400 101376 40 0 736 0
sm_120 12 0 48 102400 101376 40 0 768 0
sm_120 12 0 48 102400 101376 40 0 800 0
sm_120 12 0 48 102400 101376 40 0 832 0
sm_120 12 0 48 102400 101376 40 0 864 0
sm_120 12 0 48 102400 101376 40 0 896 0
sm_120 12 0 48 102400 101376 40 0 928 0
sm_120 12 0 48 102400 101376 40 0 960 0
sm_120 12 0 48 102400 101376 40 0 992 0
sm_120 12 0 48 102400 101376 40 0 1024 0
sm_90a 9 0 64 233472 232448 20 0 32 0
sm_90a 9 0 64 233472 232448 20 0 64 0
sm_90a 9 0 64 233472 232448 20 0 96 0
sm_90a 9 0 64 233472 232448 20 0 128 0
sm_90a 9 0 64 233472 232448 20 0 160 0
sm_90a 9 0 64 233472 232448 20 0 192 0
sm_90a 9 0 64 233472 232448 20 0 224 0
sm_90a 9 0 64 233472 232448 20 0 256 0
sm_90a 9 0 64 233472 232448 20 0 288 0
sm_90a 9 0 64 233472 232448 20 0 320 0
sm_90a 9 0 64 233472 232448 20 0 352 0
sm_90a 9 0 64 233472 232448 20 0 384 0
sm_90a 9 0 64 233472 232448 20 0 416 0
sm_90a 9 0 64 233472 232448 20 0 448 0
sm_90a 9 0 64 233472 232448 20 0 480 0
sm_90a 9 0 64 233472 232448 20 0 512 0
sm_90a 9 0 64 233472 232448 20 0 544 0
sm_90a 9 0 64 233472 232448 20 0 576 0
sm_90a 9 0 64 233472 232448 20 0 608 0
sm_90a 9 0 64 233472 232448 20 0 640 0
sm_90a 9 0 64 233472 232448 20 0 672 0
sm_90a 9 0 64 233472 232448 20 0 704 0
sm_90a 9 0 64 233472 232448 20 0 736 0
sm_90a 9 0 64 233472 232448 20 0 768 0
sm_90a 9 0 64 233472 232448 20 0 800 0
sm_90a 9 0 64 233472 232448 20 0 832 0
sm_90a 9 0 64 233472 232448 20 0 864 0
sm_90a 9 0 64 233472 232448 20 0 896 0
sm_90a 9 0 64 233472 232448 20 0 928 0
sm_90a 9 0 64 233472 232448 20 0 960 0
sm_90a 9 0 64 233472 232448 20 0 992 0
sm_90a 9 0 64 233472 232448 20 0 1024 0
sm_100a 10 0 64 233472 232448 20 0 32 0
sm_100a 10 0 64 233472 232448 20 0 64 0
sm_100a 10 0 64 233472 232448 20 0 96 0
sm_100a 10 0 64 233472 232448 20 0 128 0
sm_100a 10 0 64 233472 232448 20 0 160 0
sm_100a 10 0 64 233472 232448 20 0 192 0
sm_100a 10 0 64 233472 232448 20 0 224 0
sm_100a 10 0 64 233472 232448 20 0 256 0
sm_100a 10 0 64 233472 232448 20 0 288 0
sm_100a 10 0 64 233472 232448 20 0 320 0
sm_100a 10 0 64 233472 232448 20 0 352 0
sm_100a 10 0 64 233472 232448 20 0 384 0
sm_100a 10 0 64 233472 232448 20 0 416 0
sm_100a 10 0 64 233472 232448 20 0 448 0
sm_100a 10 0 64 233472 232448 20 0 480 0
sm_100a 10 0 64 233472 232448 20 0 512 0
sm_100a 10 0 64 233472 232448 20 0 544 0
sm_100a 10 0 64 233472 232448 20 0 576 0
sm_100a 10 0 64 233472 232448 20 0 608 0
sm_100a 10 0 64 233472 232448 20 0 640 0
sm_100a 10 0 64 233472 232448 20 0 672 0
sm_100a 10 0 64 233472 232448 20 0 704 0
sm_100a 10 0 64 233472 232448 20 0 736 0
sm_100a 10 0 64 233472 232448 20 0 768 0
sm_100a 10 0 64 233472 232448 20 0 800 0
sm_100a 10 0 64 233472 232448 20 0 832 0
sm_100a 10 0 64 233472 232448 20 0 864 0
sm_100a 10 0 64 233472 232448 20 0 896 0
sm_100a 10 0 64 233472 232448 20 0 928 0
sm_100a 10 0 64 233472 232448 20 0 960 0
sm_100a 10 0 64 233472 232448 20 0 992 0
sm_100a 10 0 64 233472 232448 20 0 1024 0
sm_120 12 0 48 102400 101376 18 0 32 0
sm_120 12 0 48 102400 101376 18 0 64 0
sm_120 12 0 48 102400 101376 18 0 96 0
sm_120 12 0 48 102400 101376 18 0 128 0
sm_120 12 0 48 102400 101376 18 0 160 0
sm_120 12 0 48 102400 101376 18 0 192 0
sm_120 12 0 48 102400 101376 18 0 224 0
sm_120 12 0 48 102400 101376 18 0 256 0
sm_120 12 0 48 102400 101376 18 0 288 0
sm_120 12 0 48 102400 101376 18 0 320 0
sm_120 12 0 48 102400 101376 18 0 352 0
sm_120 12 0 48 102400 101376 18 0 384 0
sm_120 12 0 48 102400 101376 18 0 416 0
sm_120 12 0 48 102400 101376 18 0 448 0
sm_120 12 0 48 102400 101376 18 0 480 0
sm_120 12 0 48 102400 101376 18 0 512 0
sm_120 12 0 48 102400 101376 18 0 544 0
sm_120 12 0 48 102400 101376 18 0 576 0
sm_120 12 0 48 102400 101376 18 0 608 0
sm_120 12 0 48 102400 101376 18 0 640 0
sm_120 12 0 48 102400 101376 18 0 672 0
sm_120 12 0 48 102400 101376 18 0 704 0
sm_120 12 0 48 102400 101376 18 0 736 0
sm_120 12 0 48 102400 101376 18 0 768 0
sm_120 12 0 48 102400 101376 18 0 800 0
sm_120 12 0 48 102400 101376 18 0 832 0
sm_120 12 0 48 102400 101376 18 0 864 0
sm_120 12 0 48 102400 101376 18 0 896 0
sm_120 12 0 48 102400 101376 18 0 928 0
sm_120 12 0 48 102400 101376 18 0 960 0
sm_120 12 0 48 102400 101376 18 0 992 0
sm_120 12 0 48 102400 101376 18 0 1024 0
sm_90a 9 0 64 233472 232448 58 4096 128 1
sm_100a 10 0 64 233472 232448 16 6160 128 1
sm_90a 9 0 64 233472 232448 32 4104 128 1
sm_100a 10 0 64 233472 232448 8 4104 128 1
sm_120 12 0 48 102400 101376 24 4104 128 1
sm_80 8 0 64 167936 166912 255 0 128 0
sm_90a 9 0 64 233472 232448 255 0 128 0
sm_100a 10 0 64 233472 232448 255 0 128 0
sm_120 12 0 48 102400 101376 255 0 128 0
sm_120 12 0 48 102400 101376 38 0 128 0
sm_120 12 0 48 102400 101376 38 0 256 0
sm_120 12 0 48 102400 101376 38 0 512 0
sm_80 8 0 64 167936 166912 48 0 128 0
sm_80 8 0 64 167936 166912 48 0 256 0
sm_80 8 0 64 167936 166912 48 0 512 0
sm_90a 9 0 64 233472 232448 48 0 128 0
sm_90a 9 0 64 233472 232448 48 0 256 0
sm_90a 9 0 64 233472 232448 48 0 512 0
sm_100a 10 0 64 233472 232448 48 0 128 0
sm_100a 10 0 64 233472 232448 48 0 256 0
sm_100a 10 0 64 233472 232448 48 0 512 0
sm_120 12 0 48 102400 101376 48 0 128 0
sm_120 12 0 48 102400 101376 48 0 256 0
sm_120 12 0 48 102400 101376 48 0 512 0
sm_80 8 0 64 167936 166912 80 0 128 0
sm_80 8 0 64 167936 166912 80 0 256 0
sm_80 8 0 64 167936 166912 80 0 512 0
sm_90a 9 0 64 233472 232448 80 0 128 0
sm_90a 9 0 64 233472 232448 80 0 256 0
sm_90a 9 0 64 233472 232448 80 0 512 0
sm_100a 10 0 64 233472 232448 80 0 128 0
sm_100a 10 0 64 233472 232448 80 0 256 0
sm_100a 10 0 64 233472 232448 80 0 512 0
sm_120 12 0 48 102400 101376 80 0 128 0
sm_120 12 0 48 102400 101376 80 0 256 0
sm_120 12 0 48 102400 101376 80 0 512 0
sm_80 8 0 64 167936 166912 168 0 128 0
sm_80 8 0 64 167936 166912 168 0 256 0
sm_80 8 0 64 167936 166912 168 0 512 0
sm_90a 9 0 64 233472 232448 168 0 128 0
sm_90a 9 0 64 233472 232448 168 0 256 0
sm_90a 9 0 64 233472 232448 168 0 512 0
sm_100a 10 0 64 233472 232448 168 0 128 0
sm_100a 10 0 64 233472 232448 168 0 256 0
sm_100a 10 0 64 233472 232448 168 0 512 0
sm_120 12 0 48 102400 101376 168 0 128 0
sm_120 12 0 48 102400 101376 168 0 256 0
sm_120 12 0 48 102400 101376 168 0 512 0
sm_80 8 0 64 167936 166912 254 0 128 0
sm_80 8 0 64 167936 166912 254 0 256 0
sm_80 8 0 64 167936 166912 254 0 512 0
sm_90a 9 0 64 233472 232448 254 0 128 0
sm_90a 9 0 64 233472 232448 254 0 256 0
sm_90a 9 0 64 233472 232448 254 0 512 0
sm_100a 10 0 64 233472 232448 254 0 128 0
sm_100a 10 0 64 233472 232448 254 0 256 0
sm_100a 10 0 64 233472 232448 254 0 512 0
sm_120 12 0 48 102400 101376 254 0 128 0
sm_120 12 0 48 102400 101376 254 0 256 0
sm_120 12 0 48 102400 101376 254 0 512 0
sm_80 8 0 64 167936 166912 255 0 256 0
sm_80 8 0 64 167936 166912 255 0 512 0
sm_90a 9 0 64 233472 232448 255 0 256 0
sm_90a 9 0 64 233472 232448 255 0 512 0
sm_100a 10 0 64 233472 232448 255 0 256 0
sm_100a 10 0 64 233472 232448 255 0 512 0
sm_120 12 0 48 102400 101376 255 0 256 0
sm_120 12 0 48 102400 101376 255 0 512 0
sm_80 8 0 64 167936 166912 16 0 64 1
sm_80 8 0 64 167936 166912 16 0 128 1
sm_80 8 0 64 167936 166912 16 0 256 1
sm_80 8 0 64 167936 166912 16 0 384 1
sm_80 8 0 64 167936 166912 16 0 512 1
sm_80 8 0 64 167936 166912 16 0 768 1
sm_80 8 0 64 167936 166912 16 0 1024 1
sm_80 8 0 64 167936 166912 16 4096 64 1
sm_80 8 0 64 167936 166912 16 4096 128 1
sm_80 8 0 64 167936 166912 16 4096 256 1
sm_80 8 0 64 167936 166912 16 4096 384 1
sm_80 8 0 64 167936 166912 16 4096 512 1
sm_80 8 0 64 167936 166912 16 4096 768 1
sm_80 8 0 64 167936 166912 16 4096 1024 1
sm_80 8 0 64 167936 166912 16 12288 64 1
sm_80 8 0 64 167936 166912 16 12288 128 1
sm_80 8 0 64 167936 166912 16 12288 256 1
sm_80 8 0 64 167936 166912 16 12288 384 1
sm_80 8 0 64 167936 166912 16 12288 512 1
sm_80 8 0 64 167936 166912 16 12288 768 1
sm_80 8 0 64 167936 166912 16 12288 1024 1
sm_80 8 0 64 167936 166912 16 32768 64 1
sm_80 8 0 64 167936 166912 16 32768 128 1
sm_80 8 0 64 167936 166912 16 32768 256 1
sm_80 8 0 64 167936 166912 16 32768 384 1
sm_80 8 0 64 167936 166912 16 32768 512 1
sm_80 8 0 64 167936 166912 16 32768 768 1
sm_80 8 0 64 167936 166912 16 32768 1024 1
sm_80 8 0 64 167936 166912 16 48000 64 1
sm_80 8 0 64 167936 166912 16 48000 128 1
sm_80 8 0 64 167936 166912 16 48000 256 1
sm_80 8 0 64 167936 166912 16 48000 384 1
sm_80 8 0 64 167936 166912 16 48000 512 1
sm_80 8 0 64 167936 166912 16 48000 768 1
sm_80 8 0 64 167936 166912 16 48000 1024 1
sm_80 8 0 64 167936 166912 32 0 64 1
sm_80 8 0 64 167936 166912 32 0 128 1
sm_80 8 0 64 167936 166912 32 0 256 1
sm_80 8 0 64 167936 166912 32 0 384 1
sm_80 8 0 64 167936 166912 32 0 512 1
sm_80 8 0 64 167936 166912 32 0 768 1
sm_80 8 0 64 167936 166912 32 0 1024 1
sm_80 8 0 64 167936 166912 32 4096 64 1
sm_80 8 0 64 167936 166912 32 4096 128 1
sm_80 8 0 64 167936 166912 32 4096 256 1
sm_80 8 0 64 167936 166912 32 4096 384 1
sm_80 8 0 64 167936 166912 32 4096 512 1
sm_80 8 0 64 167936 166912 32 4096 768 1
sm_80 8 0 64 167936 166912 32 4096 1024 1
sm_80 8 0 64 167936 166912 32 12288 64 1
sm_80 8 0 64 167936 166912 32 12288 128 1
sm_80 8 0 64 167936 166912 32 12288 256 1
sm_80 8 0 64 167936 166912 32 12288 384 1
sm_80 8 0 64 167936 166912 32 12288 512 1
sm_80 8 0 64 167936 166912 32 12288 768 1
sm_80 8 0 64 167936 166912 32 12288 1024 1
sm_80 8 0 64 167936 166912 32 32768 64 1
sm_80 8 0 64 167936 166912 32 32768 128 1
sm_80 8 0 64 167936 166912 32 32768 256 1
sm_80 8 0 64 167936 166912 32 32768 384 1
sm_80 8 0 64 167936 166912 32 32768 512 1
sm_80 8 0 64 167936 166912 32 32768 768 1
sm_80 8 0 64 167936 166912 32 32768 1024 1
sm_80 8 0 64 167936 166912 32 48000 64 1
sm_80 8 0 64 167936 166912 32 48000 128 1
sm_80 8 0 64 167936 166912 32 48000 256 1
sm_80 8 0 64 167936 166912 32 48000 384 1
sm_80 8 0 64 167936 166912 32 48000 512 1
sm_80 8 0 64 167936 166912 32 48000 768 1
sm_80 8 0 64 167936 166912 32 48000 1024 1
sm_80 8 0 64 167936 166912 40 0 64 1
sm_80 8 0 64 167936 166912 40 0 128 1
sm_80 8 0 64 167936 166912 40 0 256 1
sm_80 8 0 64 167936 166912 40 0 384 1
sm_80 8 0 64 167936 166912 40 0 512 1
sm_80 8 0 64 167936 166912 40 0 768 1
sm_80 8 0 64 167936 166912 40 0 1024 1
sm_80 8 0 64 167936 166912 40 4096 64 1
sm_80 8 0 64 167936 166912 40 4096 128 1
sm_80 8 0 64 167936 166912 40 4096 256 1
sm_80 8 0 64 167936 166912 40 4096 384 1
sm_80 8 0 64 167936 166912 40 4096 512 1
sm_80 8 0 64 167936 166912 40 4096 768 1
sm_80 8 0 64 167936 166912 40 4096 1024 1
sm_80 8 0 64 167936 166912 40 12288 64 1
sm_80 8 0 64 167936 166912 40 12288 128 1
sm_80 8 0 64 167936 166912 40 12288 256 1
sm_80 8 0 64 167936 166912 40 12288 384 1
sm_80 8 0 64 167936 166912 40 12288 512 1
sm_80 8 0 64 167936 166912 40 12288 768 1
sm_80 8 0 64 167936 166912 40 12288 1024 1
sm_80 8 0 64 167936 166912 40 32768 64 1
sm_80 8 0 64 167936 166912 40 32768 128 1
sm_80 8 0 64 167936 166912 40 32768 256 1
sm_80 8 0 64 167936 166912 40 32768 384 1
sm_80 8 0 64 167936 166912 40 32768 512 1
sm_80 8 0 64 167936 166912 40 32768 768 1
sm_80 8 0 64 167936 166912 40 32768 1024 1
sm_80 8 0 64 167936 166912 40 48000 64 1
sm_80 8 0 64 167936 166912 40 48000 128 1
sm_80 8 0 64 167936 166912 40 48000 256 1
sm_80 8 0 64 167936 166912 40 48000 384 1
sm_80 8 0 64 167936 166912 40 48000 512 1
sm_80 8 0 64 167936 166912 40 48000 768 1
sm_80 8 0 64 167936 166912 40 48000 1024 1
sm_80 8 0 64 167936 166912 64 0 64 1
sm_80 8 0 64 167936 166912 64 0 128 1
sm_80 8 0 64 167936 166912 64 0 256 1
sm_80 8 0 64 167936 166912 64 0 384 1
sm_80 8 0 64 167936 166912 64 0 512 1
sm_80 8 0 64 167936 166912 64 0 768 1
sm_80 8 0 64 167936 166912 64 0 1024 1
sm_80 8 0 64 167936 166912 64 4096 64 1
sm_80 8 0 64 167936 166912 64 4096 128 1
sm_80 8 0 64 167936 166912 64 4096 256 1
sm_80 8 0 64 167936 166912 64 4096 384 1
sm_80 8 0 64 167936 166912 64 4096 512 1
sm_80 8 0 64 167936 166912 64 4096 768 1
sm_80 8 0 64 167936 166912 64 4096 1024 1
sm_80 8 0 64 167936 166912 64 12288 64 1
sm_80 8 0 64 167936 166912 64 12288 128 1
sm_80 8 0 64 167936 166912 64 12288 256 1
sm_80 8 0 64 167936 166912 64 12288 384 1
sm_80 8 0 64 167936 166912 64 12288 512 1
sm_80 8 0 64 167936 166912 64 12288 768 1
sm_80 8 0 64 167936 166912 64 12288 1024 1
sm_80 8 0 64 167936 166912 64 32768 64 1
sm_80 8 0 64 167936 166912 64 32768 128 1
sm_80 8 0 64 167936 166912 64 32768 256 1
sm_80 8 0 64 167936 166912 64 32768 384 1
sm_80 8 0 64 167936 166912 64 32768 512 1
sm_80 8 0 64 167936 166912 64 32768 768 1
sm_80 8 0 64 167936 166912 64 32768 1024 1
sm_80 8 0 64 167936 166912 64 48000 64 1
sm_80 8 0 64 167936 166912 64 48000 128 1
sm_80 8 0 64 167936 166912 64 48000 256 1
sm_80 8 0 64 167936 166912 64 48000 384 1
sm_80 8 0 64 167936 166912 64 48000 512 1
sm_80 8 0 64 167936 166912 64 48000 768 1
sm_80 8 0 64 167936 166912 64 48000 1024 1
sm_80 8 0 64 167936 166912 72 0 64 1
sm_80 8 0 64 167936 166912 72 0 128 1
sm_80 8 0 64 167936 166912 72 0 256 1
sm_80 8 0 64 167936 166912 72 0 384 1
sm_80 8 0 64 167936 166912 72 0 512 1
sm_80 8 0 64 167936 166912 72 0 768 1
sm_80 8 0 64 167936 166912 72 0 1024 1
sm_80 8 0 64 167936 166912 72 4096 64 1
sm_80 8 0 64 167936 166912 72 4096 128 1
sm_80 8 0 64 167936 166912 72 4096 256 1
sm_80 8 0 64 167936 166912 72 4096 384 1
sm_80 8 0 64 167936 166912 72 4096 512 1
sm_80 8 0 64 167936 166912 72 4096 768 1
sm_80 8 0 64 167936 166912 72 4096 1024 1
sm_80 8 0 64 167936 166912 72 12288 64 1
sm_80 8 0 64 167936 166912 72 12288 128 1
sm_80 8 0 64 167936 166912 72 12288 256 1
sm_80 8 0 64 167936 166912 72 12288 384 1
sm_80 8 0 64 167936 166912 72 12288 512 1
sm_80 8 0 64 167936 166912 72 12288 768 1
sm_80 8 0 64 167936 166912 72 12288 1024 1
sm_80 8 0 64 167936 166912 72 32768 64 1
sm_80 8 0 64 167936 166912 72 32768 128 1
sm_80 8 0 64 167936 166912 72 32768 256 1
sm_80 8 0 64 167936 166912 72 32768 384 1
sm_80 8 0 64 167936 166912 72 32768 512 1
sm_80 8 0 64 167936 166912 72 32768 768 1
sm_80 8 0 64 167936 166912 72 32768 1024 1
sm_80 8 0 64 167936 166912 72 48000 64 1
sm_80 8 0 64 167936 166912 72 48000 128 1
sm_80 8 0 64 167936 166912 72 48000 256 1
sm_80 8 0 64 167936 166912 72 48000 384 1
sm_80 8 0 64 167936 166912 72 48000 512 1
sm_80 8 0 64 167936 166912 72 48000 768 1
sm_80 8 0 64 167936 166912 72 48000 1024 1
sm_80 8 0 64 167936 166912 96 0 64 1
sm_80 8 0 64 167936 166912 96 0 128 1
sm_80 8 0 64 167936 166912 96 0 256 1
sm_80 8 0 64 167936 166912 96 0 384 1
sm_80 8 0 64 167936 166912 96 0 512 1
sm_80 8 0 64 167936 166912 96 0 768 1
sm_80 8 0 64 167936 166912 96 0 1024 1
sm_80 8 0 64 167936 166912 96 4096 64 1
sm_80 8 0 64 167936 166912 96 4096 128 1
sm_80 8 0 64 167936 166912 96 4096 256 1
sm_80 8 0 64 167936 166912 96 4096 384 1
sm_80 8 0 64 167936 166912 96 4096 512 1
sm_80 8 0 64 167936 166912 96 4096 768 1
sm_80 8 0 64 167936 166912 96 4096 1024 1
sm_80 8 0 64 167936 166912 96 12288 64 1
sm_80 8 0 64 167936 166912 96 12288 128 1
sm_80 8 0 64 167936 166912 96 12288 256 1
sm_80 8 0 64 167936 166912 96 12288 384 1
sm_80 8 0 64 167936 166912 96 12288 512 1
sm_80 8 0 64 167936 166912 96 12288 768 1
sm_80 8 0 64 167936 166912 96 12288 1024 1
sm_80 8 0 64 167936 166912 96 32768 64 1
sm_80 8 0 64 167936 166912 96 32768 128 1
sm_80 8 0 64 167936 166912 96 32768 256 1
sm_80 8 0 64 167936 166912 96 32768 384 1
sm_80 8 0 64 167936 166912 96 32768 512 1
sm_80 8 0 64 167936 166912 96 32768 768 1
sm_80 8 0 64 167936 166912 96 32768 1024 1
sm_80 8 0 64 167936 166912 96 48000 64 1
sm_80 8 0 64 167936 166912 96 48000 128 1
sm_80 8 0 64 167936 166912 96 48000 256 1
sm_80 8 0 64 167936 166912 96 48000 384 1
sm_80 8 0 64 167936 166912 96 48000 512 1
sm_80 8 0 64 167936 166912 96 48000 768 1
sm_80 8 0 64 167936 166912 96 48000 1024 1
sm_80 8 0 64 167936 166912 128 0 64 1
sm_80 8 0 64 167936 166912 128 0 128 1
sm_80 8 0 64 167936 166912 128 0 256 1
sm_80 8 0 64 167936 166912 128 0 384 1
sm_80 8 0 64 167936 166912 128 0 512 1
sm_80 8 0 64 167936 166912 128 0 768 1
sm_80 8 0 64 167936 166912 128 0 1024 1
sm_80 8 0 64 167936 166912 128 4096 64 1
sm_80 8 0 64 167936 166912 128 4096 128 1
sm_80 8 0 64 167936 166912 128 4096 256 1
sm_80 8 0 64 167936 166912 128 4096 384 1
sm_80 8 0 64 167936 166912 128 4096 512 1
sm_80 8 0 64 167936 166912 128 4096 768 1
sm_80 8 0 64 167936 166912 128 4096 1024 1
sm_80 8 0 64 167936 166912 128 12288 64 1
sm_80 8 0 64 167936 166912 128 12288 128 1
sm_80 8 0 64 167936 166912 128 12288 256 1
sm_80 8 0 64 167936 166912 128 12288 384 1
sm_80 8 0 64 167936 166912 128 12288 512 1
sm_80 8 0 64 167936 166912 128 12288 768 1
sm_80 8 0 64 167936 166912 128 12288 1024 1
sm_80 8 0 64 167936 166912 128 32768 64 1
sm_80 8 0 64 167936 166912 128 32768 128 1
sm_80 8 0 64 167936 166912 128 32768 256 1
sm_80 8 0 64 167936 166912 128 32768 384 1
sm_80 8 0 64 167936 166912 128 32768 512 1
sm_80 8 0 64 167936 166912 128 32768 768 1
sm_80 8 0 64 167936 166912 128 32768 1024 1
sm_80 8 0 64 167936 166912 128 48000 64 1
sm_80 8 0 64 167936 166912 128 48000 128 1
sm_80 8 0 64 167936 166912 128 48000 256 1
sm_80 8 0 64 167936 166912 128 48000 384 1
sm_80 8 0 64 167936 166912 128 48000 512 1
sm_80 8 0 64 167936 166912 128 48000 768 1
sm_80 8 0 64 167936 166912 128 48000 1024 1
sm_80 8 0 64 167936 166912 168 0 64 1
sm_80 8 0 64 167936 166912 168 0 128 1
sm_80 8 0 64 167936 166912 168 0 256 1
sm_80 8 0 64 167936 166912 168 0 384 1
sm_80 8 0 64 167936 166912 168 0 512 1
sm_80 8 0 64 167936 166912 168 0 768 1
sm_80 8 0 64 167936 166912 168 0 1024 1
sm_80 8 0 64 167936 166912 168 4096 64 1
sm_80 8 0 64 167936 166912 168 4096 128 1
sm_80 8 0 64 167936 166912 168 4096 256 1
sm_80 8 0 64 167936 166912 168 4096 384 1
sm_80 8 0 64 167936 166912 168 4096 512 1
sm_80 8 0 64 167936 166912 168 4096 768 1
sm_80 8 0 64 167936 166912 168 4096 1024 1
sm_80 8 0 64 167936 166912 168 12288 64 1
sm_80 8 0 64 167936 166912 168 12288 128 1
sm_80 8 0 64 167936 166912 168 12288 256 1
sm_80 8 0 64 167936 166912 168 12288 384 1
sm_80 8 0 64 167936 166912 168 12288 512 1
sm_80 8 0 64 167936 166912 168 12288 768 1
sm_80 8 0 64 167936 166912 168 12288 1024 1
sm_80 8 0 64 167936 166912 168 32768 64 1
sm_80 8 0 64 167936 166912 168 32768 128 1
sm_80 8 0 64 167936 166912 168 32768 256 1
sm_80 8 0 64 167936 166912 168 32768 384 1
sm_80 8 0 64 167936 166912 168 32768 512 1
sm_80 8 0 64 167936 166912 168 32768 768 1
sm_80 8 0 64 167936 166912 168 32768 1024 1
sm_80 8 0 64 167936 166912 168 48000 64 1
sm_80 8 0 64 167936 166912 168 48000 128 1
sm_80 8 0 64 167936 166912 168 48000 256 1
sm_80 8 0 64 167936 166912 168 48000 384 1
sm_80 8 0 64 167936 166912 168 48000 512 1
sm_80 8 0 64 167936 166912 168 48000 768 1
sm_80 8 0 64 167936 166912 168 48000 1024 1
sm_80 8 0 64 167936 166912 200 0 64 1
sm_80 8 0 64 167936 166912 200 0 128 1
sm_80 8 0 64 167936 166912 200 0 256 1
sm_80 8 0 64 167936 166912 200 0 384 1
sm_80 8 0 64 167936 166912 200 0 512 1
sm_80 8 0 64 167936 166912 200 0 768 1
sm_80 8 0 64 167936 166912 200 0 1024 1
sm_80 8 0 64 167936 166912 200 4096 64 1
sm_80 8 0 64 167936 166912 200 4096 128 1
sm_80 8 0 64 167936 166912 200 4096 256 1
sm_80 8 0 64 167936 166912 200 4096 384 1
sm_80 8 0 64 167936 166912 200 4096 512 1
sm_80 8 0 64 167936 166912 200 4096 768 1
sm_80 8 0 64 167936 166912 200 4096 1024 1
sm_80 8 0 64 167936 166912 200 12288 64 1
sm_80 8 0 64 167936 166912 200 12288 128 1
sm_80 8 0 64 167936 166912 200 12288 256 1
sm_80 8 0 64 167936 166912 200 12288 384 1
sm_80 8 0 64 167936 166912 200 12288 512 1
sm_80 8 0 64 167936 166912 200 12288 768 1
sm_80 8 0 64 167936 166912 200 12288 1024 1
sm_80 8 0 64 167936 166912 200 32768 64 1
sm_80 8 0 64 167936 166912 200 32768 128 1
sm_80 8 0 64 167936 166912 200 32768 256 1
sm_80 8 0 64 167936 166912 200 32768 384 1
sm_80 8 0 64 167936 166912 200 32768 512 1
sm_80 8 0 64 167936 166912 200 32768 768 1
sm_80 8 0 64 167936 166912 200 32768 1024 1
sm_80 8 0 64 167936 166912 200 48000 64 1
sm_80 8 0 64 167936 166912 200 48000 128 1
sm_80 8 0 64 167936 166912 200 48000 256 1
sm_80 8 0 64 167936 166912 200 48000 384 1
sm_80 8 0 64 167936 166912 200 48000 512 1
sm_80 8 0 64 167936 166912 200 48000 768 1
sm_80 8 0 64 167936 166912 200 48000 1024 1
sm_80 8 0 64 167936 166912 255 0 64 1
sm_80 8 0 64 167936 166912 255 0 128 1
sm_80 8 0 64 167936 166912 255 0 256 1
sm_80 8 0 64 167936 166912 255 0 384 1
sm_80 8 0 64 167936 166912 255 0 512 1
sm_80 8 0 64 167936 166912 255 0 768 1
sm_80 8 0 64 167936 166912 255 0 1024 1
sm_80 8 0 64 167936 166912 255 4096 64 1
sm_80 8 0 64 167936 166912 255 4096 128 1
sm_80 8 0 64 167936 166912 255 4096 256 1
sm_80 8 0 64 167936 166912 255 4096 384 1
sm_80 8 0 64 167936 166912 255 4096 512 1
sm_80 8 0 64 167936 166912 255 4096 768 1
sm_80 8 0 64 167936 166912 255 4096 1024 1
sm_80 8 0 64 167936 166912 255 12288 64 1
sm_80 8 0 64 167936 166912 255 12288 128 1
sm_80 8 0 64 167936 166912 255 12288 256 1
sm_80 8 0 64 167936 166912 255 12288 384 1
sm_80 8 0 64 167936 166912 255 12288 512 1
sm_80 8 0 64 167936 166912 255 12288 768 1
sm_80 8 0 64 167936 166912 255 12288 1024 1
sm_80 8 0 64 167936 166912 255 32768 64 1
sm_80 8 0 64 167936 166912 255 32768 128 1
sm_80 8 0 64 167936 166912 255 32768 256 1
sm_80 8 0 64 167936 166912 255 32768 384 1
sm_80 8 0 64 167936 166912 255 32768 512 1
sm_80 8 0 64 167936 166912 255 32768 768 1
sm_80 8 0 64 167936 166912 255 32768 1024 1
sm_80 8 0 64 167936 166912 255 48000 64 1
sm_80 8 0 64 167936 166912 255 48000 128 1
sm_80 8 0 64 167936 166912 255 48000 256 1
sm_80 8 0 64 167936 166912 255 48000 384 1
sm_80 8 0 64 167936 166912 255 48000 512 1
sm_80 8 0 64 167936 166912 255 48000 768 1
sm_80 8 0 64 167936 166912 255 48000 1024 1
sm_90a 9 0 64 233472 232448 16 0 64 1
sm_90a 9 0 64 233472 232448 16 0 128 1
sm_90a 9 0 64 233472 232448 16 0 256 1
sm_90a 9 0 64 233472 232448 16 0 384 1
sm_90a 9 0 64 233472 232448 16 0 512 1
sm_90a 9 0 64 233472 232448 16 0 768 1
sm_90a 9 0 64 233472 232448 16 0 1024 1
sm_90a 9 0 64 233472 232448 16 4096 64 1
sm_90a 9 0 64 233472 232448 16 4096 128 1
sm_90a 9 0 64 233472 232448 16 4096 256 1
sm_90a 9 0 64 233472 232448 16 4096 384 1
sm_90a 9 0 64 233472 232448 16 4096 512 1
sm_90a 9 0 64 233472 232448 16 4096 768 1
sm_90a 9 0 64 233472 232448 16 4096 1024 1
sm_90a 9 0 64 233472 232448 16 12288 64 1
sm_90a 9 0 64 233472 232448 16 12288 128 1
sm_90a 9 0 64 233472 232448 16 12288 256 1
sm_90a 9 0 64 233472 232448 16 12288 384 1
sm_90a 9 0 64 233472 232448 16 12288 512 1
sm_90a 9 0 64 233472 232448 16 12288 768 1
sm_90a 9 0 64 233472 232448 16 12288 1024 1
sm_90a 9 0 64 233472 232448 16 32768 64 1
sm_90a 9 0 64 233472 232448 16 32768 128 1
sm_90a 9 0 64 233472 232448 16 32768 256 1
sm_90a 9 0 64 233472 232448 16 32768 384 1
sm_90a 9 0 64 233472 232448 16 32768 512 1
sm_90a 9 0 64 233472 232448 16 32768 768 1
sm_90a 9 0 64 233472 232448 16 32768 1024 1
sm_90a 9 0 64 233472 232448 16 48000 64 1
sm_90a 9 0 64 233472 232448 16 48000 128 1
sm_90a 9 0 64 233472 232448 16 48000 256 1
sm_90a 9 0 64 233472 232448 16 48000 384 1
sm_90a 9 0 64 233472 232448 16 48000 512 1
sm_90a 9 0 64 233472 232448 16 48000 768 1
sm_90a 9 0 64 233472 232448 16 48000 1024 1
sm_90a 9 0 64 233472 232448 32 0 64 1
sm_90a 9 0 64 233472 232448 32 0 128 1
sm_90a 9 0 64 233472 232448 32 0 256 1
sm_90a 9 0 64 233472 232448 32 0 384 1
sm_90a 9 0 64 233472 232448 32 0 512 1
sm_90a 9 0 64 233472 232448 32 0 768 1
sm_90a 9 0 64 233472 232448 32 0 1024 1
sm_90a 9 0 64 233472 232448 32 4096 64 1
sm_90a 9 0 64 233472 232448 32 4096 128 1
sm_90a 9 0 64 233472 232448 32 4096 256 1
sm_90a 9 0 64 233472 232448 32 4096 384 1
sm_90a 9 0 64 233472 232448 32 4096 512 1
sm_90a 9 0 64 233472 232448 32 4096 768 1
sm_90a 9 0 64 233472 232448 32 4096 1024 1
sm_90a 9 0 64 233472 232448 32 12288 64 1
sm_90a 9 0 64 233472 232448 32 12288 128 1
sm_90a 9 0 64 233472 232448 32 12288 256 1
sm_90a 9 0 64 233472 232448 32 12288 384 1
sm_90a 9 0 64 233472 232448 32 12288 512 1
sm_90a 9 0 64 233472 232448 32 12288 768 1
sm_90a 9 0 64 233472 232448 32 12288 1024 1
sm_90a 9 0 64 233472 232448 32 32768 64 1
sm_90a 9 0 64 233472 232448 32 32768 128 1
sm_90a 9 0 64 233472 232448 32 32768 256 1
sm_90a 9 0 64 233472 232448 32 32768 384 1
sm_90a 9 0 64 233472 232448 32 32768 512 1
sm_90a 9 0 64 233472 232448 32 32768 768 1
sm_90a 9 0 64 233472 232448 32 32768 1024 1
sm_90a 9 0 64 233472 232448 32 48000 64 1
sm_90a 9 0 64 233472 232448 32 48000 128 1
sm_90a 9 0 64 233472 232448 32 48000 256 1
sm_90a 9 0 64 233472 232448 32 48000 384 1
sm_90a 9 0 64 233472 232448 32 48000 512 1
sm_90a 9 0 64 233472 232448 32 48000 768 1
sm_90a 9 0 64 233472 232448 32 48000 1024 1
sm_90a 9 0 64 233472 232448 40 0 64 1
sm_90a 9 0 64 233472 232448 40 0 128 1
sm_90a 9 0 64 233472 232448 40 0 256 1
sm_90a 9 0 64 233472 232448 40 0 384 1
sm_90a 9 0 64 233472 232448 40 0 512 1
sm_90a 9 0 64 233472 232448 40 0 768 1
sm_90a 9 0 64 233472 232448 40 0 1024 1
sm_90a 9 0 64 233472 232448 40 4096 64 1
sm_90a 9 0 64 233472 232448 40 4096 128 1
sm_90a 9 0 64 233472 232448 40 4096 256 1
sm_90a 9 0 64 233472 232448 40 4096 384 1
sm_90a 9 0 64 233472 232448 40 4096 512 1
sm_90a 9 0 64 233472 232448 40 4096 768 1
sm_90a 9 0 64 233472 232448 40 4096 1024 1
sm_90a 9 0 64 233472 232448 40 12288 64 1
sm_90a 9 0 64 233472 232448 40 12288 128 1
sm_90a 9 0 64 233472 232448 40 12288 256 1
sm_90a 9 0 64 233472 232448 40 12288 384 1
sm_90a 9 0 64 233472 232448 40 12288 512 1
sm_90a 9 0 64 233472 232448 40 12288 768 1
sm_90a 9 0 64 233472 232448 40 12288 1024 1
sm_90a 9 0 64 233472 232448 40 32768 64 1
sm_90a 9 0 64 233472 232448 40 32768 128 1
sm_90a 9 0 64 233472 232448 40 32768 256 1
sm_90a 9 0 64 233472 232448 40 32768 384 1
sm_90a 9 0 64 233472 232448 40 32768 512 1
sm_90a 9 0 64 233472 232448 40 32768 768 1
sm_90a 9 0 64 233472 232448 40 32768 1024 1
sm_90a 9 0 64 233472 232448 40 48000 64 1
sm_90a 9 0 64 233472 232448 40 48000 128 1
sm_90a 9 0 64 233472 232448 40 48000 256 1
sm_90a 9 0 64 233472 232448 40 48000 384 1
sm_90a 9 0 64 233472 232448 40 48000 512 1
sm_90a 9 0 64 233472 232448 40 48000 768 1
sm_90a 9 0 64 233472 232448 40 48000 1024 1
sm_90a 9 0 64 233472 232448 64 0 64 1
sm_90a 9 0 64 233472 232448 64 0 128 1
sm_90a 9 0 64 233472 232448 64 0 256 1
sm_90a 9 0 64 233472 232448 64 0 384 1
sm_90a 9 0 64 233472 232448 64 0 512 1
sm_90a 9 0 64 233472 232448 64 0 768 1
sm_90a 9 0 64 233472 232448 64 0 1024 1
sm_90a 9 0 64 233472 232448 64 4096 64 1
sm_90a 9 0 64 233472 232448 64 4096 128 1
sm_90a 9 0 64 233472 232448 64 4096 256 1
sm_90a 9 0 64 233472 232448 64 4096 384 1
sm_90a 9 0 64 233472 232448 64 4096 512 1
sm_90a 9 0 64 233472 232448 64 4096 768 1
sm_90a 9 0 64 233472 232448 64 4096 1024 1
sm_90a 9 0 64 233472 232448 64 12288 64 1
sm_90a 9 0 64 233472 232448 64 12288 128 1
sm_90a 9 0 64 233472 232448 64 12288 256 1
sm_90a 9 0 64 233472 232448 64 12288 384 1
sm_90a 9 0 64 233472 232448 64 12288 512 1
sm_90a 9 0 64 233472 232448 64 12288 768 1
sm_90a 9 0 64 233472 232448 64 12288 1024 1
sm_90a 9 0 64 233472 232448 64 32768 64 1
sm_90a 9 0 64 233472 232448 64 32768 128 1
sm_90a 9 0 64 233472 232448 64 32768 256 1
sm_90a 9 0 64 233472 232448 64 32768 384 1
sm_90a 9 0 64 233472 232448 64 32768 512 1
sm_90a 9 0 64 233472 232448 64 32768 768 1
sm_90a 9 0 64 233472 232448 64 32768 1024 1
sm_90a 9 0 64 233472 232448 64 48000 64 1
sm_90a 9 0 64 233472 232448 64 48000 128 1
sm_90a 9 0 64 233472 232448 64 48000 256 1
sm_90a 9 0 64 233472 232448 64 48000 384 1
sm_90a 9 0 64 233472 232448 64 48000 512 1
sm_90a 9 0 64 233472 232448 64 48000 768 1
sm_90a 9 0 64 233472 232448 64 48000 1024 1
sm_90a 9 0 64 233472 232448 72 0 64 1
sm_90a 9 0 64 233472 232448 72 0 128 1
sm_90a 9 0 64 233472 232448 72 0 256 1
sm_90a 9 0 64 233472 232448 72 0 384 1
sm_90a 9 0 64 233472 232448 72 0 512 1
sm_90a 9 0 64 233472 232448 72 0 768 1
sm_90a 9 0 64 233472 232448 72 0 1024 1
sm_90a 9 0 64 233472 232448 72 4096 64 1
sm_90a 9 0 64 233472 232448 72 4096 128 1
sm_90a 9 0 64 233472 232448 72 4096 256 1
sm_90a 9 0 64 233472 232448 72 4096 384 1
sm_90a 9 0 64 233472 232448 72 4096 512 1
sm_90a 9 0 64 233472 232448 72 4096 768 1
sm_90a 9 0 64 233472 232448 72 4096 1024 1
sm_90a 9 0 64 233472 232448 72 12288 64 1
sm_90a 9 0 64 233472 232448 72 12288 128 1
sm_90a 9 0 64 233472 232448 72 12288 256 1
sm_90a 9 0 64 233472 232448 72 12288 384 1
sm_90a 9 0 64 233472 232448 72 12288 512 1
sm_90a 9 0 64 233472 232448 72 12288 768 1
sm_90a 9 0 64 233472 232448 72 12288 1024 1
sm_90a 9 0 64 233472 232448 72 32768 64 1
sm_90a 9 0 64 233472 232448 72 32768 128 1
sm_90a 9 0 64 233472 232448 72 32768 256 1
sm_90a 9 0 64 233472 232448 72 32768 384 1
sm_90a 9 0 64 233472 232448 72 32768 512 1
sm_90a 9 0 64 233472 232448 72 32768 768 1
sm_90a 9 0 64 233472 232448 72 32768 1024 1
sm_90a 9 0 64 233472 232448 72 48000 64 1
sm_90a 9 0 64 233472 232448 72 48000 128 1
sm_90a 9 0 64 233472 232448 72 48000 256 1
sm_90a 9 0 64 233472 232448 72 48000 384 1
sm_90a 9 0 64 233472 232448 72 48000 512 1
sm_90a 9 0 64 233472 232448 72 48000 768 1
sm_90a 9 0 64 233472 232448 72 48000 1024 1
sm_90a 9 0 64 233472 232448 96 0 64 1
sm_90a 9 0 64 233472 232448 96 0 128 1
sm_90a 9 0 64 233472 232448 96 0 256 1
sm_90a 9 0 64 233472 232448 96 0 384 1
sm_90a 9 0 64 233472 232448 96 0 512 1
sm_90a 9 0 64 233472 232448 96 0 768 1
sm_90a 9 0 64 233472 232448 96 0 1024 1
sm_90a 9 0 64 233472 232448 96 4096 64 1
sm_90a 9 0 64 233472 232448 96 4096 128 1
sm_90a 9 0 64 233472 232448 96 4096 256 1
sm_90a 9 0 64 233472 232448 96 4096 384 1
sm_90a 9 0 64 233472 232448 96 4096 512 1
sm_90a 9 0 64 233472 232448 96 4096 768 1
sm_90a 9 0 64 233472 232448 96 4096 1024 1
sm_90a 9 0 64 233472 232448 96 12288 64 1
sm_90a 9 0 64 233472 232448 96 12288 128 1
sm_90a 9 0 64 233472 232448 96 12288 256 1
sm_90a 9 0 64 233472 232448 96 12288 384 1
sm_90a 9 0 64 233472 232448 96 12288 512 1
sm_90a 9 0 64 233472 232448 96 12288 768 1
sm_90a 9 0 64 233472 232448 96 12288 1024 1
sm_90a 9 0 64 233472 232448 96 32768 64 1
sm_90a 9 0 64 233472 232448 96 32768 128 1
sm_90a 9 0 64 233472 232448 96 32768 256 1
sm_90a 9 0 64 233472 232448 96 32768 384 1
sm_90a 9 0 64 233472 232448 96 32768 512 1
sm_90a 9 0 64 233472 232448 96 32768 768 1
sm_90a 9 0 64 233472 232448 96 32768 1024 1
sm_90a 9 0 64 233472 232448 96 48000 64 1
sm_90a 9 0 64 233472 232448 96 48000 128 1
sm_90a 9 0 64 233472 232448 96 48000 256 1
sm_90a 9 0 64 233472 232448 96 48000 384 1
sm_90a 9 0 64 233472 232448 96 48000 512 1
sm_90a 9 0 64 233472 232448 96 48000 768 1
sm_90a 9 0 64 233472 232448 96 48000 1024 1
sm_90a 9 0 64 233472 232448 128 0 64 1
sm_90a 9 0 64 233472 232448 128 0 128 1
sm_90a 9 0 64 233472 232448 128 0 256 1
sm_90a 9 0 64 233472 232448 128 0 384 1
sm_90a 9 0 64 233472 232448 128 0 512 1
sm_90a 9 0 64 233472 232448 128 0 768 1
sm_90a 9 0 64 233472 232448 128 0 1024 1
sm_90a 9 0 64 233472 232448 128 4096 64 1
sm_90a 9 0 64 233472 232448 128 4096 128 1
sm_90a 9 0 64 233472 232448 128 4096 256 1
sm_90a 9 0 64 233472 232448 128 4096 384 1
sm_90a 9 0 64 233472 232448 128 4096 512 1
sm_90a 9 0 64 233472 232448 128 4096 768 1
sm_90a 9 0 64 233472 232448 128 4096 1024 1
sm_90a 9 0 64 233472 232448 128 12288 64 1
sm_90a 9 0 64 233472 232448 128 12288 128 1
sm_90a 9 0 64 233472 232448 128 12288 256 1
sm_90a 9 0 64 233472 232448 128 12288 384 1
sm_90a 9 0 64 233472 232448 128 12288 512 1
sm_90a 9 0 64 233472 232448 128 12288 768 1
sm_90a 9 0 64 233472 232448 128 12288 1024 1
sm_90a 9 0 64 233472 232448 128 32768 64 1
sm_90a 9 0 64 233472 232448 128 32768 128 1
sm_90a 9 0 64 233472 232448 128 32768 256 1
sm_90a 9 0 64 233472 232448 128 32768 384 1
sm_90a 9 0 64 233472 232448 128 32768 512 1
sm_90a 9 0 64 233472 232448 128 32768 768 1
sm_90a 9 0 64 233472 232448 128 32768 1024 1
sm_90a 9 0 64 233472 232448 128 48000 64 1
sm_90a 9 0 64 233472 232448 128 48000 128 1
sm_90a 9 0 64 233472 232448 128 48000 256 1
sm_90a 9 0 64 233472 232448 128 48000 384 1
sm_90a 9 0 64 233472 232448 128 48000 512 1
sm_90a 9 0 64 233472 232448 128 48000 768 1
sm_90a 9 0 64 233472 232448 128 48000 1024 1
sm_90a 9 0 64 233472 232448 168 0 64 1
sm_90a 9 0 64 233472 232448 168 0 128 1
sm_90a 9 0 64 233472 232448 168 0 256 1
sm_90a 9 0 64 233472 232448 168 0 384 1
sm_90a 9 0 64 233472 232448 168 0 512 1
sm_90a 9 0 64 233472 232448 168 0 768 1
sm_90a 9 0 64 233472 232448 168 0 1024 1
sm_90a 9 0 64 233472 232448 168 4096 64 1
sm_90a 9 0 64 233472 232448 168 4096 128 1
sm_90a 9 0 64 233472 232448 168 4096 256 1
sm_90a 9 0 64 233472 232448 168 4096 384 1
sm_90a 9 0 64 233472 232448 168 4096 512 1
sm_90a 9 0 64 233472 232448 168 4096 768 1
sm_90a 9 0 64 233472 232448 168 4096 1024 1
sm_90a 9 0 64 233472 232448 168 12288 64 1
sm_90a 9 0 64 233472 232448 168 12288 128 1
sm_90a 9 0 64 233472 232448 168 12288 256 1
sm_90a 9 0 64 233472 232448 168 12288 384 1
sm_90a 9 0 64 233472 232448 168 12288 512 1
sm_90a 9 0 64 233472 232448 168 12288 768 1
sm_90a 9 0 64 233472 232448 168 12288 1024 1
sm_90a 9 0 64 233472 232448 168 32768 64 1
sm_90a 9 0 64 233472 232448 168 32768 128 1
sm_90a 9 0 64 233472 232448 168 32768 256 1
sm_90a 9 0 64 233472 232448 168 32768 384 1
sm_90a 9 0 64 233472 232448 168 32768 512 1
sm_90a 9 0 64 233472 232448 168 32768 768 1
sm_90a 9 0 64 233472 232448 168 32768 1024 1
sm_90a 9 0 64 233472 232448 168 48000 64 1
sm_90a 9 0 64 233472 232448 168 48000 128 1
sm_90a 9 0 64 233472 232448 168 48000 256 1
sm_90a 9 0 64 233472 232448 168 48000 384 1
sm_90a 9 0 64 233472 232448 168 48000 512 1
sm_90a 9 0 64 233472 232448 168 48000 768 1
sm_90a 9 0 64 233472 232448 168 48000 1024 1
sm_90a 9 0 64 233472 232448 200 0 64 1
sm_90a 9 0 64 233472 232448 200 0 128 1
sm_90a 9 0 64 233472 232448 200 0 256 1
sm_90a 9 0 64 233472 232448 200 0 384 1
sm_90a 9 0 64 233472 232448 200 0 512 1
sm_90a 9 0 64 233472 232448 200 0 768 1
sm_90a 9 0 64 233472 232448 200 0 1024 1
sm_90a 9 0 64 233472 232448 200 4096 64 1
sm_90a 9 0 64 233472 232448 200 4096 128 1
sm_90a 9 0 64 233472 232448 200 4096 256 1
sm_90a 9 0 64 233472 232448 200 4096 384 1
sm_90a 9 0 64 233472 232448 200 4096 512 1
sm_90a 9 0 64 233472 232448 200 4096 768 1
sm_90a 9 0 64 233472 232448 200 4096 1024 1
sm_90a 9 0 64 233472 232448 200 12288 64 1
sm_90a 9 0 64 233472 232448 200 12288 128 1
sm_90a 9 0 64 233472 232448 200 12288 256 1
sm_90a 9 0 64 233472 232448 200 12288 384 1
sm_90a 9 0 64 233472 232448 200 12288 512 1
sm_90a 9 0 64 233472 232448 200 12288 768 1
sm_90a 9 0 64 233472 232448 200 12288 1024 1
sm_90a 9 0 64 233472 232448 200 32768 64 1
sm_90a 9 0 64 233472 232448 200 32768 128 1
sm_90a 9 0 64 233472 232448 200 32768 256 1
sm_90a 9 0 64 233472 232448 200 32768 384 1
sm_90a 9 0 64 233472 232448 200 32768 512 1
sm_90a 9 0 64 233472 232448 200 32768 768 1
sm_90a 9 0 64 233472 232448 200 32768 1024 1
sm_90a 9 0 64 233472 232448 200 48000 64 1
sm_90a 9 0 64 233472 232448 200 48000 128 1
sm_90a 9 0 64 233472 232448 200 48000 256 1
sm_90a 9 0 64 233472 232448 200 48000 384 1
sm_90a 9 0 64 233472 232448 200 48000 512 1
sm_90a 9 0 64 233472 232448 200 48000 768 1
sm_90a 9 0 64 233472 232448 200 48000 1024 1
sm_90a 9 0 64 233472 232448 255 0 64 1
sm_90a 9 0 64 233472 232448 255 0 128 1
sm_90a 9 0 64 233472 232448 255 0 256 1
sm_90a 9 0 64 233472 232448 255 0 384 1
sm_90a 9 0 64 233472 232448 255 0 512 1
sm_90a 9 0 64 233472 232448 255 0 768 1
sm_90a 9 0 64 233472 232448 255 0 1024 1
sm_90a 9 0 64 233472 232448 255 4096 64 1
sm_90a 9 0 64 233472 232448 255 4096 128 1
sm_90a 9 0 64 233472 232448 255 4096 256 1
sm_90a 9 0 64 233472 232448 255 4096 384 1
sm_90a 9 0 64 233472 232448 255 4096 512 1
sm_90a 9 0 64 233472 232448 255 4096 768 1
sm_90a 9 0 64 233472 232448 255 4096 1024 1
sm_90a 9 0 64 233472 232448 255 12288 64 1
sm_90a 9 0 64 233472 232448 255 12288 128 1
sm_90a 9 0 64 233472 232448 255 12288 256 1
sm_90a 9 0 64 233472 232448 255 12288 384 1
sm_90a 9 0 64 233472 232448 255 12288 512 1
sm_90a 9 0 64 233472 232448 255 12288 768 1
sm_90a 9 0 64 233472 232448 255 12288 1024 1
sm_90a 9 0 64 233472 232448 255 32768 64 1
sm_90a 9 0 64 233472 232448 255 32768 128 1
sm_90a 9 0 64 233472 232448 255 32768 256 1
sm_90a 9 0 64 233472 232448 255 32768 384 1
sm_90a 9 0 64 233472 232448 255 32768 512 1
sm_90a 9 0 64 233472 232448 255 32768 768 1
sm_90a 9 0 64 233472 232448 255 32768 1024 1
sm_90a 9 0 64 233472 232448 255 48000 64 1
sm_90a 9 0 64 233472 232448 255 48000 128 1
sm_90a 9 0 64 233472 232448 255 48000 256 1
sm_90a 9 0 64 233472 232448 255 48000 384 1
sm_90a 9 0 64 233472 232448 255 48000 512 1
sm_90a 9 0 64 233472 232448 255 48000 768 1
sm_90a 9 0 64 233472 232448 255 48000 1024 1
sm_100a 10 0 64 233472 232448 16 0 64 1
sm_100a 10 0 64 233472 232448 16 0 128 1
sm_100a 10 0 64 233472 232448 16 0 256 1
sm_100a 10 0 64 233472 232448 16 0 384 1
sm_100a 10 0 64 233472 232448 16 0 512 1
sm_100a 10 0 64 233472 232448 16 0 768 1
sm_100a 10 0 64 233472 232448 16 0 1024 1
sm_100a 10 0 64 233472 232448 16 4096 64 1
sm_100a 10 0 64 233472 232448 16 4096 128 1
sm_100a 10 0 64 233472 232448 16 4096 256 1
sm_100a 10 0 64 233472 232448 16 4096 384 1
sm_100a 10 0 64 233472 232448 16 4096 512 1
sm_100a 10 0 64 233472 232448 16 4096 768 1
sm_100a 10 0 64 233472 232448 16 4096 1024 1
sm_100a 10 0 64 233472 232448 16 12288 64 1
sm_100a 10 0 64 233472 232448 16 12288 128 1
sm_100a 10 0 64 233472 232448 16 12288 256 1
sm_100a 10 0 64 233472 232448 16 12288 384 1
sm_100a 10 0 64 233472 232448 16 12288 512 1
sm_100a 10 0 64 233472 232448 16 12288 768 1
sm_100a 10 0 64 233472 232448 16 12288 1024 1
sm_100a 10 0 64 233472 232448 16 32768 64 1
sm_100a 10 0 64 233472 232448 16 32768 128 1
sm_100a 10 0 64 233472 232448 16 32768 256 1
sm_100a 10 0 64 233472 232448 16 32768 384 1
sm_100a 10 0 64 233472 232448 16 32768 512 1
sm_100a 10 0 64 233472 232448 16 32768 768 1
sm_100a 10 0 64 233472 232448 16 32768 1024 1
sm_100a 10 0 64 233472 232448 16 48000 64 1
sm_100a 10 0 64 233472 232448 16 48000 128 1
sm_100a 10 0 64 233472 232448 16 48000 256 1
sm_100a 10 0 64 233472 232448 16 48000 384 1
sm_100a 10 0 64 233472 232448 16 48000 512 1
sm_100a 10 0 64 233472 232448 16 48000 768 1
sm_100a 10 0 64 233472 232448 16 48000 1024 1
sm_100a 10 0 64 233472 232448 32 0 64 1
sm_100a 10 0 64 233472 232448 32 0 128 1
sm_100a 10 0 64 233472 232448 32 0 256 1
sm_100a 10 0 64 233472 232448 32 0 384 1
sm_100a 10 0 64 233472 232448 32 0 512 1
sm_100a 10 0 64 233472 232448 32 0 768 1
sm_100a 10 0 64 233472 232448 32 0 1024 1
sm_100a 10 0 64 233472 232448 32 4096 64 1
sm_100a 10 0 64 233472 232448 32 4096 128 1
sm_100a 10 0 64 233472 232448 32 4096 256 1
sm_100a 10 0 64 233472 232448 32 4096 384 1
sm_100a 10 0 64 233472 232448 32 4096 512 1
sm_100a 10 0 64 233472 232448 32 4096 768 1
sm_100a 10 0 64 233472 232448 32 4096 1024 1
sm_100a 10 0 64 233472 232448 32 12288 64 1
sm_100a 10 0 64 233472 232448 32 12288 128 1
sm_100a 10 0 64 233472 232448 32 12288 256 1
sm_100a 10 0 64 233472 232448 32 12288 384 1
sm_100a 10 0 64 233472 232448 32 12288 512 1
sm_100a 10 0 64 233472 232448 32 12288 768 1
sm_100a 10 0 64 233472 232448 32 12288 1024 1
sm_100a 10 0 64 233472 232448 32 32768 64 1
sm_100a 10 0 64 233472 232448 32 32768 128 1
sm_100a 10 0 64 233472 232448 32 32768 256 1
sm_100a 10 0 64 233472 232448 32 32768 384 1
sm_100a 10 0 64 233472 232448 32 32768 512 1
sm_100a 10 0 64 233472 232448 32 32768 768 1
sm_100a 10 0 64 233472 232448 32 32768 1024 1
sm_100a 10 0 64 233472 232448 32 48000 64 1
sm_100a 10 0 64 233472 232448 32 48000 128 1
sm_100a 10 0 64 233472 232448 32 48000 256 1
sm_100a 10 0 64 233472 232448 32 48000 384 1
sm_100a 10 0 64 233472 232448 32 48000 512 1
sm_100a 10 0 64 233472 232448 32 48000 768 1
sm_100a 10 0 64 233472 232448 32 48000 1024 1
sm_100a 10 0 64 233472 232448 40 0 64 1
sm_100a 10 0 64 233472 232448 40 0 128 1
sm_100a 10 0 64 233472 232448 40 0 256 1
sm_100a 10 0 64 233472 232448 40 0 384 1
sm_100a 10 0 64 233472 232448 40 0 512 1
sm_100a 10 0 64 233472 232448 40 0 768 1
sm_100a 10 0 64 233472 232448 40 0 1024 1
sm_100a 10 0 64 233472 232448 40 4096 64 1
sm_100a 10 0 64 233472 232448 40 4096 128 1
sm_100a 10 0 64 233472 232448 40 4096 256 1
sm_100a 10 0 64 233472 232448 40 4096 384 1
sm_100a 10 0 64 233472 232448 40 4096 512 1
sm_100a 10 0 64 233472 232448 40 4096 768 1
sm_100a 10 0 64 233472 232448 40 4096 1024 1
sm_100a 10 0 64 233472 232448 40 12288 64 1
sm_100a 10 0 64 233472 232448 40 12288 128 1
sm_100a 10 0 64 233472 232448 40 12288 256 1
sm_100a 10 0 64 233472 232448 40 12288 384 1
sm_100a 10 0 64 233472 232448 40 12288 512 1
sm_100a 10 0 64 233472 232448 40 12288 768 1
sm_100a 10 0 64 233472 232448 40 12288 1024 1
sm_100a 10 0 64 233472 232448 40 32768 64 1
sm_100a 10 0 64 233472 232448 40 32768 128 1
sm_100a 10 0 64 233472 232448 40 32768 256 1
sm_100a 10 0 64 233472 232448 40 32768 384 1
sm_100a 10 0 64 233472 232448 40 32768 512 1
sm_100a 10 0 64 233472 232448 40 32768 768 1
sm_100a 10 0 64 233472 232448 40 32768 1024 1
sm_100a 10 0 64 233472 232448 40 48000 64 1
sm_100a 10 0 64 233472 232448 40 48000 128 1
sm_100a 10 0 64 233472 232448 40 48000 256 1
sm_100a 10 0 64 233472 232448 40 48000 384 1
sm_100a 10 0 64 233472 232448 40 48000 512 1
sm_100a 10 0 64 233472 232448 40 48000 768 1
sm_100a 10 0 64 233472 232448 40 48000 1024 1
sm_100a 10 0 64 233472 232448 64 0 64 1
sm_100a 10 0 64 233472 232448 64 0 128 1
sm_100a 10 0 64 233472 232448 64 0 256 1
sm_100a 10 0 64 233472 232448 64 0 384 1
sm_100a 10 0 64 233472 232448 64 0 512 1
sm_100a 10 0 64 233472 232448 64 0 768 1
sm_100a 10 0 64 233472 232448 64 0 1024 1
sm_100a 10 0 64 233472 232448 64 4096 64 1
sm_100a 10 0 64 233472 232448 64 4096 128 1
sm_100a 10 0 64 233472 232448 64 4096 256 1
sm_100a 10 0 64 233472 232448 64 4096 384 1
sm_100a 10 0 64 233472 232448 64 4096 512 1
sm_100a 10 0 64 233472 232448 64 4096 768 1
sm_100a 10 0 64 233472 232448 64 4096 1024 1
sm_100a 10 0 64 233472 232448 64 12288 64 1
sm_100a 10 0 64 233472 232448 64 12288 128 1
sm_100a 10 0 64 233472 232448 64 12288 256 1
sm_100a 10 0 64 233472 232448 64 12288 384 1
sm_100a 10 0 64 233472 232448 64 12288 512 1
sm_100a 10 0 64 233472 232448 64 12288 768 1
sm_100a 10 0 64 233472 232448 64 12288 1024 1
sm_100a 10 0 64 233472 232448 64 32768 64 1
sm_100a 10 0 64 233472 232448 64 32768 128 1
sm_100a 10 0 64 233472 232448 64 32768 256 1
sm_100a 10 0 64 233472 232448 64 32768 384 1
sm_100a 10 0 64 233472 232448 64 32768 512 1
sm_100a 10 0 64 233472 232448 64 32768 768 1
sm_100a 10 0 64 233472 232448 64 32768 1024 1
sm_100a 10 0 64 233472 232448 64 48000 64 1
sm_100a 10 0 64 233472 232448 64 48000 128 1
sm_100a 10 0 64 233472 232448 64 48000 256 1
sm_100a 10 0 64 233472 232448 64 48000 384 1
sm_100a 10 0 64 233472 232448 64 48000 512 1
sm_100a 10 0 64 233472 232448 64 48000 768 1
sm_100a 10 0 64 233472 232448 64 48000 1024 1
sm_100a 10 0 64 233472 232448 72 0 64 1
sm_100a 10 0 64 233472 232448 72 0 128 1
sm_100a 10 0 64 233472 232448 72 0 256 1
sm_100a 10 0 64 233472 232448 72 0 384 1
sm_100a 10 0 64 233472 232448 72 0 512 1
sm_100a 10 0 64 233472 232448 72 0 768 1
sm_100a 10 0 64 233472 232448 72 0 1024 1
sm_100a 10 0 64 233472 232448 72 4096 64 1
sm_100a 10 0 64 233472 232448 72 4096 128 1
sm_100a 10 0 64 233472 232448 72 4096 256 1
sm_100a 10 0 64 233472 232448 72 4096 384 1
sm_100a 10 0 64 233472 232448 72 4096 512 1
sm_100a 10 0 64 233472 232448 72 4096 768 1
sm_100a 10 0 64 233472 232448 72 4096 1024 1
sm_100a 10 0 64 233472 232448 72 12288 64 1
sm_100a 10 0 64 233472 232448 72 12288 128 1
sm_100a 10 0 64 233472 232448 72 12288 256 1
sm_100a 10 0 64 233472 232448 72 12288 384 1
sm_100a 10 0 64 233472 232448 72 12288 512 1
sm_100a 10 0 64 233472 232448 72 12288 768 1
sm_100a 10 0 64 233472 232448 72 12288 1024 1
sm_100a 10 0 64 233472 232448 72 32768 64 1
sm_100a 10 0 64 233472 232448 72 32768 128 1
sm_100a 10 0 64 233472 232448 72 32768 256 1
sm_100a 10 0 64 233472 232448 72 32768 384 1
sm_100a 10 0 64 233472 232448 72 32768 512 1
sm_100a 10 0 64 233472 232448 72 32768 768 1
sm_100a 10 0 64 233472 232448 72 32768 1024 1
sm_100a 10 0 64 233472 232448 72 48000 64 1
sm_100a 10 0 64 233472 232448 72 48000 128 1
sm_100a 10 0 64 233472 232448 72 48000 256 1
sm_100a 10 0 64 233472 232448 72 48000 384 1
sm_100a 10 0 64 233472 232448 72 48000 512 1
sm_100a 10 0 64 233472 232448 72 48000 768 1
sm_100a 10 0 64 233472 232448 72 48000 1024 1
sm_100a 10 0 64 233472 232448 96 0 64 1
sm_100a 10 0 64 233472 232448 96 0 128 1
sm_100a 10 0 64 233472 232448 96 0 256 1
sm_100a 10 0 64 233472 232448 96 0 384 1
sm_100a 10 0 64 233472 232448 96 0 512 1
sm_100a 10 0 64 233472 232448 96 0 768 1
sm_100a 10 0 64 233472 232448 96 0 1024 1
sm_100a 10 0 64 233472 232448 96 4096 64 1
sm_100a 10 0 64 233472 232448 96 4096 128 1
sm_100a 10 0 64 233472 232448 96 4096 256 1
sm_100a 10 0 64 233472 232448 96 4096 384 1
sm_100a 10 0 64 233472 232448 96 4096 512 1
sm_100a 10 0 64 233472 232448 96 4096 768 1
sm_100a 10 0 64 233472 232448 96 4096 1024 1
sm_100a 10 0 64 233472 232448 96 12288 64 1
sm_100a 10 0 64 233472 232448 96 12288 128 1
sm_100a 10 0 64 233472 232448 96 12288 256 1
sm_100a 10 0 64 233472 232448 96 12288 384 1
sm_100a 10 0 64 233472 232448 96 12288 512 1
sm_100a 10 0 64 233472 232448 96 12288 768 1
sm_100a 10 0 64 233472 232448 96 12288 1024 1
sm_100a 10 0 64 233472 232448 96 32768 64 1
sm_100a 10 0 64 233472 232448 96 32768 128 1
sm_100a 10 0 64 233472 232448 96 32768 256 1
sm_100a 10 0 64 233472 232448 96 32768 384 1
sm_100a 10 0 64 233472 232448 96 32768 512 1
sm_100a 10 0 64 233472 232448 96 32768 768 1
sm_100a 10 0 64 233472 232448 96 32768 1024 1
sm_100a 10 0 64 233472 232448 96 48000 64 1
sm_100a 10 0 64 233472 232448 96 48000 128 1
sm_100a 10 0 64 233472 232448 96 48000 256 1
sm_100a 10 0 64 233472 232448 96 48000 384 1
sm_100a 10 0 64 233472 232448 96 48000 512 1
sm_100a 10 0 64 233472 232448 96 48000 768 1
sm_100a 10 0 64 233472 232448 96 48000 1024 1
sm_100a 10 0 64 233472 232448 128 0 64 1
sm_100a 10 0 64 233472 232448 128 0 128 1
sm_100a 10 0 64 233472 232448 128 0 256 1
sm_100a 10 0 64 233472 232448 128 0 384 1
sm_100a 10 0 64 233472 232448 128 0 512 1
sm_100a 10 0 64 233472 232448 128 0 768 1
sm_100a 10 0 64 233472 232448 128 0 1024 1
sm_100a 10 0 64 233472 232448 128 4096 64 1
sm_100a 10 0 64 233472 232448 128 4096 128 1
sm_100a 10 0 64 233472 232448 128 4096 256 1
sm_100a 10 0 64 233472 232448 128 4096 384 1
sm_100a 10 0 64 233472 232448 128 4096 512 1
sm_100a 10 0 64 233472 232448 128 4096 768 1
sm_100a 10 0 64 233472 232448 128 4096 1024 1
sm_100a 10 0 64 233472 232448 128 12288 64 1
sm_100a 10 0 64 233472 232448 128 12288 128 1
sm_100a 10 0 64 233472 232448 128 12288 256 1
sm_100a 10 0 64 233472 232448 128 12288 384 1
sm_100a 10 0 64 233472 232448 128 12288 512 1
sm_100a 10 0 64 233472 232448 128 12288 768 1
sm_100a 10 0 64 233472 232448 128 12288 1024 1
sm_100a 10 0 64 233472 232448 128 32768 64 1
sm_100a 10 0 64 233472 232448 128 32768 128 1
sm_100a 10 0 64 233472 232448 128 32768 256 1
sm_100a 10 0 64 233472 232448 128 32768 384 1
sm_100a 10 0 64 233472 232448 128 32768 512 1
sm_100a 10 0 64 233472 232448 128 32768 768 1
sm_100a 10 0 64 233472 232448 128 32768 1024 1
sm_100a 10 0 64 233472 232448 128 48000 64 1
sm_100a 10 0 64 233472 232448 128 48000 128 1
sm_100a 10 0 64 233472 232448 128 48000 256 1
sm_100a 10 0 64 233472 232448 128 48000 384 1
sm_100a 10 0 64 233472 232448 128 48000 512 1
sm_100a 10 0 64 233472 232448 128 48000 768 1
sm_100a 10 0 64 233472 232448 128 48000 1024 1
sm_100a 10 0 64 233472 232448 168 0 64 1
sm_100a 10 0 64 233472 232448 168 0 128 1
sm_100a 10 0 64 233472 232448 168 0 256 1
sm_100a 10 0 64 233472 232448 168 0 384 1
sm_100a 10 0 64 233472 232448 168 0 512 1
sm_100a 10 0 64 233472 232448 168 0 768 1
sm_100a 10 0 64 233472 232448 168 0 1024 1
sm_100a 10 0 64 233472 232448 168 4096 64 1
sm_100a 10 0 64 233472 232448 168 4096 128 1
sm_100a 10 0 64 233472 232448 168 4096 256 1
sm_100a 10 0 64 233472 232448 168 4096 384 1
sm_100a 10 0 64 233472 232448 168 4096 512 1
sm_100a 10 0 64 233472 232448 168 4096 768 1
sm_100a 10 0 64 233472 232448 168 4096 1024 1
sm_100a 10 0 64 233472 232448 168 12288 64 1
sm_100a 10 0 64 233472 232448 168 12288 128 1
sm_100a 10 0 64 233472 232448 168 12288 256 1
sm_100a 10 0 64 233472 232448 168 12288 384 1
sm_100a 10 0 64 233472 232448 168 12288 512 1
sm_100a 10 0 64 233472 232448 168 12288 768 1
sm_100a 10 0 64 233472 232448 168 12288 1024 1
sm_100a 10 0 64 233472 232448 168 32768 64 1
sm_100a 10 0 64 233472 232448 168 32768 128 1
sm_100a 10 0 64 233472 232448 168 32768 256 1
sm_100a 10 0 64 233472 232448 168 32768 384 1
sm_100a 10 0 64 233472 232448 168 32768 512 1
sm_100a 10 0 64 233472 232448 168 32768 768 1
sm_100a 10 0 64 233472 232448 168 32768 1024 1
sm_100a 10 0 64 233472 232448 168 48000 64 1
sm_100a 10 0 64 233472 232448 168 48000 128 1
sm_100a 10 0 64 233472 232448 168 48000 256 1
sm_100a 10 0 64 233472 232448 168 48000 384 1
sm_100a 10 0 64 233472 232448 168 48000 512 1
sm_100a 10 0 64 233472 232448 168 48000 768 1
sm_100a 10 0 64 233472 232448 168 48000 1024 1
sm_100a 10 0 64 233472 232448 200 0 64 1
sm_100a 10 0 64 233472 232448 200 0 128 1
sm_100a 10 0 64 233472 232448 200 0 256 1
sm_100a 10 0 64 233472 232448 200 0 384 1
sm_100a 10 0 64 233472 232448 200 0 512 1
sm_100a 10 0 64 233472 232448 200 0 768 1
sm_100a 10 0 64 233472 232448 200 0 1024 1
sm_100a 10 0 64 233472 232448 200 4096 64 1
sm_100a 10 0 64 233472 232448 200 4096 128 1
sm_100a 10 0 64 233472 232448 200 4096 256 1
sm_100a 10 0 64 233472 232448 200 4096 384 1
sm_100a 10 0 64 233472 232448 200 4096 512 1
sm_100a 10 0 64 233472 232448 200 4096 768 1
sm_100a 10 0 64 233472 232448 200 4096 1024 1
sm_100a 10 0 64 233472 232448 200 12288 64 1
sm_100a 10 0 64 233472 232448 200 12288 128 1
sm_100a 10 0 64 233472 232448 200 12288 256 1
sm_100a 10 0 64 233472 232448 200 12288 384 1
sm_100a 10 0 64 233472 232448 200 12288 512 1
sm_100a 10 0 64 233472 232448 200 12288 768 1
sm_100a 10 0 64 233472 232448 200 12288 1024 1
sm_100a 10 0 64 233472 232448 200 32768 64 1
sm_100a 10 0 64 233472 232448 200 32768 128 1
sm_100a 10 0 64 233472 232448 200 32768 256 1
sm_100a 10 0 64 233472 232448 200 32768 384 1
sm_100a 10 0 64 233472 232448 200 32768 512 1
sm_100a 10 0 64 233472 232448 200 32768 768 1
sm_100a 10 0 64 233472 232448 200 32768 1024 1
sm_100a 10 0 64 233472 232448 200 48000 64 1
sm_100a 10 0 64 233472 232448 200 48000 128 1
sm_100a 10 0 64 233472 232448 200 48000 256 1
sm_100a 10 0 64 233472 232448 200 48000 384 1
sm_100a 10 0 64 233472 232448 200 48000 512 1
sm_100a 10 0 64 233472 232448 200 48000 768 1
sm_100a 10 0 64 233472 232448 200 48000 1024 1
sm_100a 10 0 64 233472 232448 255 0 64 1
sm_100a 10 0 64 233472 232448 255 0 128 1
sm_100a 10 0 64 233472 232448 255 0 256 1
sm_100a 10 0 64 233472 232448 255 0 384 1
sm_100a 10 0 64 233472 232448 255 0 512 1
sm_100a 10 0 64 233472 232448 255 0 768 1
sm_100a 10 0 64 233472 232448 255 0 1024 1
sm_100a 10 0 64 233472 232448 255 4096 64 1
sm_100a 10 0 64 233472 232448 255 4096 128 1
sm_100a 10 0 64 233472 232448 255 4096 256 1
sm_100a 10 0 64 233472 232448 255 4096 384 1
sm_100a 10 0 64 233472 232448 255 4096 512 1
sm_100a 10 0 64 233472 232448 255 4096 768 1
sm_100a 10 0 64 233472 232448 255 4096 1024 1
sm_100a 10 0 64 233472 232448 255 12288 64 1
sm_100a 10 0 64 233472 232448 255 12288 128 1
sm_100a 10 0 64 233472 232448 255 12288 256 1
sm_100a 10 0 64 233472 232448 255 12288 384 1
sm_100a 10 0 64 233472 232448 255 12288 512 1
sm_100a 10 0 64 233472 232448 255 12288 768 1
sm_100a 10 0 64 233472 232448 255 12288 1024 1
sm_100a 10 0 64 233472 232448 255 32768 64 1
sm_100a 10 0 64 233472 232448 255 32768 128 1
sm_100a 10 0 64 233472 232448 255 32768 256 1
sm_100a 10 0 64 233472 232448 255 32768 384 1
sm_100a 10 0 64 233472 232448 255 32768 512 1
sm_100a 10 0 64 233472 232448 255 32768 768 1
sm_100a 10 0 64 233472 232448 255 32768 1024 1
sm_100a 10 0 64 233472 232448 255 48000 64 1
sm_100a 10 0 64 233472 232448 255 48000 128 1
sm_100a 10 0 64 233472 232448 255 48000 256 1
sm_100a 10 0 64 233472 232448 255 48000 384 1
sm_100a 10 0 64 233472 232448 255 48000 512 1
sm_100a 10 0 64 233472 232448 255 48000 768 1
sm_100a 10 0 64 233472 232448 255 48000 1024 1
sm_120 12 0 48 102400 101376 16 0 64 1
sm_120 12 0 48 102400 101376 16 0 128 1
sm_120 12 0 48 102400 101376 16 0 256 1
sm_120 12 0 48 102400 101376 16 0 384 1
sm_120 12 0 48 102400 101376 16 0 512 1
sm_120 12 0 48 102400 101376 16 0 768 1
sm_120 12 0 48 102400 101376 16 0 1024 1
sm_120 12 0 48 102400 101376 16 4096 64 1
sm_120 12 0 48 102400 101376 16 4096 128 1
sm_120 12 0 48 102400 101376 16 4096 256 1
sm_120 12 0 48 102400 101376 16 4096 384 1
sm_120 12 0 48 102400 101376 16 4096 512 1
sm_120 12 0 48 102400 101376 16 4096 768 1
sm_120 12 0 48 102400 101376 16 4096 1024 1
sm_120 12 0 48 102400 101376 16 12288 64 1
sm_120 12 0 48 102400 101376 16 12288 128 1
sm_120 12 0 48 102400 101376 16 12288 256 1
sm_120 12 0 48 102400 101376 16 12288 384 1
sm_120 12 0 48 102400 101376 16 12288 512 1
sm_120 12 0 48 102400 101376 16 12288 768 1
sm_120 12 0 48 102400 101376 16 12288 1024 1
sm_120 12 0 48 102400 101376 16 32768 64 1
sm_120 12 0 48 102400 101376 16 32768 128 1
sm_120 12 0 48 102400 101376 16 32768 256 1
sm_120 12 0 48 102400 101376 16 32768 384 1
sm_120 12 0 48 102400 101376 16 32768 512 1
sm_120 12 0 48 102400 101376 16 32768 768 1
sm_120 12 0 48 102400 101376 16 32768 1024 1
sm_120 12 0 48 102400 101376 16 48000 64 1
sm_120 12 0 48 102400 101376 16 48000 128 1
sm_120 12 0 48 102400 101376 16 48000 256 1
sm_120 12 0 48 102400 101376 16 48000 384 1
sm_120 12 0 48 102400 101376 16 48000 512 1
sm_120 12 0 48 102400 101376 16 48000 768 1
sm_120 12 0 48 102400 101376 16 48000 1024 1
sm_120 12 0 48 102400 101376 32 0 64 1
sm_120 12 0 48 102400 101376 32 0 128 1
sm_120 12 0 48 102400 101376 32 0 256 1
sm_120 12 0 48 102400 101376 32 0 384 1
sm_120 12 0 48 102400 101376 32 0 512 1
sm_120 12 0 48 102400 101376 32 0 768 1
sm_120 12 0 48 102400 101376 32 0 1024 1
sm_120 12 0 48 102400 101376 32 4096 64 1
sm_120 12 0 48 102400 101376 32 4096 128 1
sm_120 12 0 48 102400 101376 32 4096 256 1
sm_120 12 0 48 102400 101376 32 4096 384 1
sm_120 12 0 48 102400 101376 32 4096 512 1
sm_120 12 0 48 102400 101376 32 4096 768 1
sm_120 12 0 48 102400 101376 32 4096 1024 1
sm_120 12 0 48 102400 101376 32 12288 64 1
sm_120 12 0 48 102400 101376 32 12288 128 1
sm_120 12 0 48 102400 101376 32 12288 256 1
sm_120 12 0 48 102400 101376 32 12288 384 1
sm_120 12 0 48 102400 101376 32 12288 512 1
sm_120 12 0 48 102400 101376 32 12288 768 1
sm_120 12 0 48 102400 101376 32 12288 1024 1
sm_120 12 0 48 102400 101376 32 32768 64 1
sm_120 12 0 48 102400 101376 32 32768 128 1
sm_120 12 0 48 102400 101376 32 32768 256 1
sm_120 12 0 48 102400 101376 32 32768 384 1
sm_120 12 0 48 102400 101376 32 32768 512 1
sm_120 12 0 48 102400 101376 32 32768 768 1
sm_120 12 0 48 102400 101376 32 32768 1024 1
sm_120 12 0 48 102400 101376 32 48000 64 1
sm_120 12 0 48 102400 101376 32 48000 128 1
sm_120 12 0 48 102400 101376 32 48000 256 1
sm_120 12 0 48 102400 101376 32 48000 384 1
sm_120 12 0 48 102400 101376 32 48000 512 1
sm_120 12 0 48 102400 101376 32 48000 768 1
sm_120 12 0 48 102400 101376 32 48000 1024 1
sm_120 12 0 48 102400 101376 40 0 64 1
sm_120 12 0 48 102400 101376 40 0 128 1
sm_120 12 0 48 102400 101376 40 0 256 1
sm_120 12 0 48 102400 101376 40 0 384 1
sm_120 12 0 48 102400 101376 40 0 512 1
sm_120 12 0 48 102400 101376 40 0 768 1
sm_120 12 0 48 102400 101376 40 0 1024 1
sm_120 12 0 48 102400 101376 40 4096 64 1
sm_120 12 0 48 102400 101376 40 4096 128 1
sm_120 12 0 48 102400 101376 40 4096 256 1
sm_120 12 0 48 102400 101376 40 4096 384 1
sm_120 12 0 48 102400 101376 40 4096 512 1
sm_120 12 0 48 102400 101376 40 4096 768 1
sm_120 12 0 48 102400 101376 40 4096 1024 1
sm_120 12 0 48 102400 101376 40 12288 64 1
sm_120 12 0 48 102400 101376 40 12288 128 1
sm_120 12 0 48 102400 101376 40 12288 256 1
sm_120 12 0 48 102400 101376 40 12288 384 1
sm_120 12 0 48 102400 101376 40 12288 512 1
sm_120 12 0 48 102400 101376 40 12288 768 1
sm_120 12 0 48 102400 101376 40 12288 1024 1
sm_120 12 0 48 102400 101376 40 32768 64 1
sm_120 12 0 48 102400 101376 40 32768 128 1
sm_120 12 0 48 102400 101376 40 32768 256 1
sm_120 12 0 48 102400 101376 40 32768 384 1
sm_120 12 0 48 102400 101376 40 32768 512 1
sm_120 12 0 48 102400 101376 40 32768 768 1
sm_120 12 0 48 102400 101376 40 32768 1024 1
sm_120 12 0 48 102400 101376 40 48000 64 1
sm_120 12 0 48 102400 101376 40 48000 128 1
sm_120 12 0 48 102400 101376 40 48000 256 1
sm_120 12 0 48 102400 101376 40 48000 384 1
sm_120 12 0 48 102400 101376 40 48000 512 1
sm_120 12 0 48 102400 101376 40 48000 768 1
sm_120 12 0 48 102400 101376 40 48000 1024 1
sm_120 12 0 48 102400 101376 64 0 64 1
sm_120 12 0 48 102400 101376 64 0 128 1
sm_120 12 0 48 102400 101376 64 0 256 1
sm_120 12 0 48 102400 101376 64 0 384 1
sm_120 12 0 48 102400 101376 64 0 512 1
sm_120 12 0 48 102400 101376 64 0 768 1
sm_120 12 0 48 102400 101376 64 0 1024 1
sm_120 12 0 48 102400 101376 64 4096 64 1
sm_120 12 0 48 102400 101376 64 4096 128 1
sm_120 12 0 48 102400 101376 64 4096 256 1
sm_120 12 0 48 102400 101376 64 4096 384 1
sm_120 12 0 48 102400 101376 64 4096 512 1
sm_120 12 0 48 102400 101376 64 4096 768 1
sm_120 12 0 48 102400 101376 64 4096 1024 1
sm_120 12 0 48 102400 101376 64 12288 64 1
sm_120 12 0 48 102400 101376 64 12288 128 1
sm_120 12 0 48 102400 101376 64 12288 256 1
sm_120 12 0 48 102400 101376 64 12288 384 1
sm_120 12 0 48 102400 101376 64 12288 512 1
sm_120 12 0 48 102400 101376 64 12288 768 1
sm_120 12 0 48 102400 101376 64 12288 1024 1
sm_120 12 0 48 102400 101376 64 32768 64 1
sm_120 12 0 48 102400 101376 64 32768 128 1
sm_120 12 0 48 102400 101376 64 32768 256 1
sm_120 12 0 48 102400 101376 64 32768 384 1
sm_120 12 0 48 102400 101376 64 32768 512 1
sm_120 12 0 48 102400 101376 64 32768 768 1
sm_120 12 0 48 102400 101376 64 32768 1024 1
sm_120 12 0 48 102400 101376 64 48000 64 1
sm_120 12 0 48 102400 101376 64 48000 128 1
sm_120 12 0 48 102400 101376 64 48000 256 1
sm_120 12 0 48 102400 101376 64 48000 384 1
sm_120 12 0 48 102400 101376 64 48000 512 1
sm_120 12 0 48 102400 101376 64 48000 768 1
sm_120 12 0 48 102400 101376 64 48000 1024 1
sm_120 12 0 48 102400 101376 72 0 64 1
sm_120 12 0 48 102400 101376 72 0 128 1
sm_120 12 0 48 102400 101376 72 0 256 1
sm_120 12 0 48 102400 101376 72 0 384 1
sm_120 12 0 48 102400 101376 72 0 512 1
sm_120 12 0 48 102400 101376 72 0 768 1
sm_120 12 0 48 102400 101376 72 0 1024 1
sm_120 12 0 48 102400 101376 72 4096 64 1
sm_120 12 0 48 102400 101376 72 4096 128 1
sm_120 12 0 48 102400 101376 72 4096 256 1
sm_120 12 0 48 102400 101376 72 4096 384 1
sm_120 12 0 48 102400 101376 72 4096 512 1
sm_120 12 0 48 102400 101376 72 4096 768 1
sm_120 12 0 48 102400 101376 72 4096 1024 1
sm_120 12 0 48 102400 101376 72 12288 64 1
sm_120 12 0 48 102400 101376 72 12288 128 1
sm_120 12 0 48 102400 101376 72 12288 256 1
sm_120 12 0 48 102400 101376 72 12288 384 1
sm_120 12 0 48 102400 101376 72 12288 512 1
sm_120 12 0 48 102400 101376 72 12288 768 1
sm_120 12 0 48 102400 101376 72 12288 1024 1
sm_120 12 0 48 102400 101376 72 32768 64 1
sm_120 12 0 48 102400 101376 72 32768 128 1
sm_120 12 0 48 102400 101376 72 32768 256 1
sm_120 12 0 48 102400 101376 72 32768 384 1
sm_120 12 0 48 102400 101376 72 32768 512 1
sm_120 12 0 48 102400 101376 72 32768 768 1
sm_120 12 0 48 102400 101376 72 32768 1024 1
sm_120 12 0 48 102400 101376 72 48000 64 1
sm_120 12 0 48 102400 101376 72 48000 128 1
sm_120 12 0 48 102400 101376 72 48000 256 1
sm_120 12 0 48 102400 101376 72 48000 384 1
sm_120 12 0 48 102400 101376 72 48000 512 1
sm_120 12 0 48 102400 101376 72 48000 768 1
sm_120 12 0 48 102400 101376 72 48000 1024 1
sm_120 12 0 48 102400 101376 96 0 64 1
sm_120 12 0 48 102400 101376 96 0 128 1
sm_120 12 0 48 102400 101376 96 0 256 1
sm_120 12 0 48 102400 101376 96 0 384 1
sm_120 12 0 48 102400 101376 96 0 512 1
sm_120 12 0 48 102400 101376 96 0 768 1
sm_120 12 0 48 102400 101376 96 0 1024 1
sm_120 12 0 48 102400 101376 96 4096 64 1
sm_120 12 0 48 102400 101376 96 4096 128 1
sm_120 12 0 48 102400 101376 96 4096 256 1
sm_120 12 0 48 102400 101376 96 4096 384 1
sm_120 12 0 48 102400 101376 96 4096 512 1
sm_120 12 0 48 102400 101376 96 4096 768 1
sm_120 12 0 48 102400 101376 96 4096 1024 1
sm_120 12 0 48 102400 101376 96 12288 64 1
sm_120 12 0 48 102400 101376 96 12288 128 1
sm_120 12 0 48 102400 101376 96 12288 256 1
sm_120 12 0 48 102400 101376 96 12288 384 1
sm_120 12 0 48 102400 101376 96 12288 512 1
sm_120 12 0 48 102400 101376 96 12288 768 1
sm_120 12 0 48 102400 101376 96 12288 1024 1
sm_120 12 0 48 102400 101376 96 32768 64 1
sm_120 12 0 48 102400 101376 96 32768 128 1
sm_120 12 0 48 102400 101376 96 32768 256 1
sm_120 12 0 48 102400 101376 96 32768 384 1
sm_120 12 0 48 102400 101376 96 32768 512 1
sm_120 12 0 48 102400 101376 96 32768 768 1
sm_120 12 0 48 102400 101376 96 32768 1024 1
sm_120 12 0 48 102400 101376 96 48000 64 1
sm_120 12 0 48 102400 101376 96 48000 128 1
sm_120 12 0 48 102400 101376 96 48000 256 1
sm_120 12 0 48 102400 101376 96 48000 384 1
sm_120 12 0 48 102400 101376 96 48000 512 1
sm_120 12 0 48 102400 101376 96 48000 768 1
sm_120 12 0 48 102400 101376 96 48000 1024 1
sm_120 12 0 48 102400 101376 128 0 64 1
sm_120 12 0 48 102400 101376 128 0 128 1
sm_120 12 0 48 102400 101376 128 0 256 1
sm_120 12 0 48 102400 101376 128 0 384 1
sm_120 12 0 48 102400 101376 128 0 512 1
sm_120 12 0 48 102400 101376 128 0 768 1
sm_120 12 0 48 102400 101376 128 0 1024 1
sm_120 12 0 48 102400 101376 128 4096 64 1
sm_120 12 0 48 102400 101376 128 4096 128 1
sm_120 12 0 48 102400 101376 128 4096 256 1
sm_120 12 0 48 102400 101376 128 4096 384 1
sm_120 12 0 48 102400 101376 128 4096 512 1
sm_120 12 0 48 102400 101376 128 4096 768 1
sm_120 12 0 48 102400 101376 128 4096 1024 1
sm_120 12 0 48 102400 101376 128 12288 64 1
sm_120 12 0 48 102400 101376 128 12288 128 1
sm_120 12 0 48 102400 101376 128 12288 256 1
sm_120 12 0 48 102400 101376 128 12288 384 1
sm_120 12 0 48 102400 101376 128 12288 512 1
sm_120 12 0 48 102400 101376 128 12288 768 1
sm_120 12 0 48 102400 101376 128 12288 1024 1
sm_120 12 0 48 102400 101376 128 32768 64 1
sm_120 12 0 48 102400 101376 128 32768 128 1
sm_120 12 0 48 102400 101376 128 32768 256 1
sm_120 12 0 48 102400 101376 128 32768 384 1
sm_120 12 0 48 102400 101376 128 32768 512 1
sm_120 12 0 48 102400 101376 128 32768 768 1
sm_120 12 0 48 102400 101376 128 32768 1024 1
sm_120 12 0 48 102400 101376 128 48000 64 1
sm_120 12 0 48 102400 101376 128 48000 128 1
sm_120 12 0 48 102400 101376 128 48000 256 1
sm_120 12 0 48 102400 101376 128 48000 384 1
sm_120 12 0 48 102400 101376 128 48000 512 1
sm_120 12 0 48 102400 101376 128 48000 768 1
sm_120 12 0 48 102400 101376 128 48000 1024 1
sm_120 12 0 48 102400 101376 168 0 64 1
sm_120 12 0 48 102400 101376 168 0 128 1
sm_120 12 0 48 102400 101376 168 0 256 1
sm_120 12 0 48 102400 101376 168 0 384 1
sm_120 12 0 48 102400 101376 168 0 512 1
sm_120 12 0 48 102400 101376 168 0 768 1
sm_120 12 0 48 102400 101376 168 0 1024 1
sm_120 12 0 48 102400 101376 168 4096 64 1
sm_120 12 0 48 102400 101376 168 4096 128 1
sm_120 12 0 48 102400 101376 168 4096 256 1
sm_120 12 0 48 102400 101376 168 4096 384 1
sm_120 12 0 48 102400 101376 168 4096 512 1
sm_120 12 0 48 102400 101376 168 4096 768 1
sm_120 12 0 48 102400 101376 168 4096 1024 1
sm_120 12 0 48 102400 101376 168 12288 64 1
sm_120 12 0 48 102400 101376 168 12288 128 1
sm_120 12 0 48 102400 101376 168 12288 256 1
sm_120 12 0 48 102400 101376 168 12288 384 1
sm_120 12 0 48 102400 101376 168 12288 512 1
sm_120 12 0 48 102400 101376 168 12288 768 1
sm_120 12 0 48 102400 101376 168 12288 1024 1
sm_120 12 0 48 102400 101376 168 32768 64 1
sm_120 12 0 48 102400 101376 168 32768 128 1
sm_120 12 0 48 102400 101376 168 32768 256 1
sm_120 12 0 48 102400 101376 168 32768 384 1
sm_120 12 0 48 102400 101376 168 32768 512 1
sm_120 12 0 48 102400 101376 168 32768 768 1
sm_120 12 0 48 102400 101376 168 32768 1024 1
sm_120 12 0 48 102400 101376 168 48000 64 1
sm_120 12 0 48 102400 101376 168 48000 128 1
sm_120 12 0 48 102400 101376 168 48000 256 1
sm_120 12 0 48 102400 101376 168 48000 384 1
sm_120 12 0 48 102400 101376 168 48000 512 1
sm_120 12 0 48 102400 101376 168 48000 768 1
sm_120 12 0 48 102400 101376 168 48000 1024 1
sm_120 12 0 48 102400 101376 200 0 64 1
sm_120 12 0 48 102400 101376 200 0 128 1
sm_120 12 0 48 102400 101376 200 0 256 1
sm_120 12 0 48 102400 101376 200 0 384 1
sm_120 12 0 48 102400 101376 200 0 512 1
sm_120 12 0 48 102400 101376 200 0 768 1
sm_120 12 0 48 102400 101376 200 0 1024 1
sm_120 12 0 48 102400 101376 200 4096 64 1
sm_120 12 0 48 102400 101376 200 4096 128 1
sm_120 12 0 48 102400 101376 200 4096 256 1
sm_120 12 0 48 102400 101376 200 4096 384 1
sm_120 12 0 48 102400 101376 200 4096 512 1
sm_120 12 0 48 102400 101376 200 4096 768 1
sm_120 12 0 48 102400 101376 200 4096 1024 1
sm_120 12 0 48 102400 101376 200 12288 64 1
sm_120 12 0 48 102400 101376 200 12288 128 1
sm_120 12 0 48 102400 101376 200 12288 256 1
sm_120 12 0 48 102400 101376 200 12288 384 1
sm_120 12 0 48 102400 101376 200 12288 512 1
sm_120 12 0 48 102400 101376 200 12288 768 1
sm_120 12 0 48 102400 101376 200 12288 1024 1
sm_120 12 0 48 102400 101376 200 32768 64 1
sm_120 12 0 48 102400 101376 200 32768 128 1
sm_120 12 0 48 102400 101376 200 32768 256 1
sm_120 12 0 48 102400 101376 200 32768 384 1
sm_120 12 0 48 102400 101376 200 32768 512 1
sm_120 12 0 48 102400 101376 200 32768 768 1
sm_120 12 0 48 102400 101376 200 32768 1024 1
sm_120 12 0 48 102400 101376 200 48000 64 1
sm_120 12 0 48 102400 101376 200 48000 128 1
sm_120 12 0 48 102400 101376 200 48000 256 1
sm_120 12 0 48 102400 101376 200 48000 384 1
sm_120 12 0 48 102400 101376 200 48000 512 1
sm_120 12 0 48 102400 101376 200 48000 768 1
sm_120 12 0 48 102400 101376 200 48000 1024 1
sm_120 12 0 48 102400 101376 255 0 64 1
sm_120 12 0 48 102400 101376 255 0 128 1
sm_120 12 0 48 102400 101376 255 0 256 1
sm_120 12 0 48 102400 101376 255 0 384 1
sm_120 12 0 48 102400 101376 255 0 512 1
sm_120 12 0 48 102400 101376 255 0 768 1
sm_120 12 0 48 102400 101376 255 0 1024 1
sm_120 12 0 48 102400 101376 255 4096 64 1
sm_120 12 0 48 102400 101376 255 4096 128 1
sm_120 12 0 48 102400 101376 255 4096 256 1
sm_120 12 0 48 102400 101376 255 4096 384 1
sm_120 12 0 48 102400 101376 255 4096 512 1
sm_120 12 0 48 102400 101376 255 4096 768 1
sm_120 12 0 48 102400 101376 255 4096 1024 1
sm_120 12 0 48 102400 101376 255 12288 64 1
sm_120 12 0 48 102400 101376 255 12288 128 1
sm_120 12 0 48 102400 101376 255 12288 256 1
sm_120 12 0 48 102400 101376 255 12288 384 1
sm_120 12 0 48 102400 101376 255 12288 512 1
sm_120 12 0 48 102400 101376 255 12288 768 1
sm_120 12 0 48 102400 101376 255 12288 1024 1
sm_120 12 0 48 102400 101376 255 32768 64 1
sm_120 12 0 48 102400 101376 255 32768 128 1
sm_120 12 0 48 102400 101376 255 32768 256 1
sm_120 12 0 48 102400 101376 255 32768 384 1
sm_120 12 0 48 102400 101376 255 32768 512 1
sm_120 12 0 48 102400 101376 255 32768 768 1
sm_120 12 0 48 102400 101376 255 32768 1024 1
sm_120 12 0 48 102400 101376 255 48000 64 1
sm_120 12 0 48 102400 101376 255 48000 128 1
sm_120 12 0 48 102400 101376 255 48000 256 1
sm_120 12 0 48 102400 101376 255 48000 384 1
sm_120 12 0 48 102400 101376 255 48000 512 1
sm_120 12 0 48 102400 101376 255 48000 768 1
sm_120 12 0 48 102400 101376 255 48000 1024 1
