## sequential, default readahead (read_ahead_kb 128): 512 reads of 4096 B, 21.6 ms, device 572 pages in 20 requests
read_index file_page pages_fetched requests
0 0 4 1
1 1 8 1
4 4 16 1
12 12 32 1
28 28 32 1
60 60 32 1
92 92 32 1
124 124 32 1
156 156 32 1
188 188 32 1
220 220 32 1
252 252 32 1
284 284 32 1
316 316 32 1
348 348 32 1
380 380 32 1
412 412 32 1
444 444 32 1
476 476 32 1
508 508 32 1
## sequential, POSIX_FADV_SEQUENTIAL (window doubled): 512 reads of 4096 B, 17.1 ms, device 636 pages in 13 requests
read_index file_page pages_fetched requests
0 0 4 1
1 1 8 1
4 4 16 1
12 12 32 1
28 28 64 1
60 60 64 1
124 124 64 1
188 188 64 1
252 252 64 1
316 316 64 1
380 380 64 1
444 444 64 1
508 508 64 1
## sequential, POSIX_FADV_RANDOM (readahead off): 64 reads of 4096 B, 8.7 ms, device 64 pages in 64 requests
read_index file_page pages_fetched requests
0 0 1 1
1 1 1 1
2 2 1 1
3 3 1 1
4 4 1 1
5 5 1 1
6 6 1 1
7 7 1 1
8 8 1 1
9 9 1 1
10 10 1 1
11 11 1 1
12 12 1 1
13 13 1 1
14 14 1 1
15 15 1 1
16 16 1 1
17 17 1 1
18 18 1 1
19 19 1 1
20 20 1 1
21 21 1 1
22 22 1 1
23 23 1 1
24 24 1 1
25 25 1 1
26 26 1 1
27 27 1 1
28 28 1 1
29 29 1 1
30 30 1 1
31 31 1 1
32 32 1 1
33 33 1 1
34 34 1 1
35 35 1 1
36 36 1 1
37 37 1 1
38 38 1 1
39 39 1 1
40 40 1 1
41 41 1 1
42 42 1 1
43 43 1 1
44 44 1 1
45 45 1 1
46 46 1 1
47 47 1 1
48 48 1 1
49 49 1 1
50 50 1 1
51 51 1 1
52 52 1 1
53 53 1 1
54 54 1 1
55 55 1 1
56 56 1 1
57 57 1 1
58 58 1 1
59 59 1 1
60 60 1 1
61 61 1 1
62 62 1 1
63 63 1 1
## random offsets, default readahead: 64 reads of 4096 B, 17.5 ms, device 64 pages in 64 requests
read_index file_page pages_fetched requests
0 1577 1 1
1 1722 1 1
2 165 1 1
3 1060 1 1
4 1990 1 1
5 1658 1 1
6 1242 1 1
7 1952 1 1
8 1466 1 1
9 894 1 1
10 570 1 1
11 1154 1 1
12 572 1 1
13 388 1 1
14 1026 1 1
15 601 1 1
16 1270 1 1
17 404 1 1
18 302 1 1
19 1352 1 1
20 1933 1 1
21 412 1 1
22 1449 1 1
23 1778 1 1
24 1295 1 1
25 837 1 1
26 1953 1 1
27 1813 1 1
28 1066 1 1
29 255 1 1
30 57 1 1
31 382 1 1
32 1633 1 1
33 4 1 1
34 2021 1 1
35 1364 1 1
36 999 1 1
37 1332 1 1
38 257 1 1
39 782 1 1
40 908 1 1
41 977 1 1
42 583 1 1
43 1834 1 1
44 373 1 1
45 329 1 1
46 1310 1 1
47 2004 1 1
48 446 1 1
49 1234 1 1
50 1192 1 1
51 511 1 1
52 1362 1 1
53 832 1 1
54 1178 1 1
55 1822 1 1
56 375 1 1
57 1576 1 1
58 1298 1 1
59 991 1 1
60 1189 1 1
61 753 1 1
62 775 1 1
63 764 1 1
