### host: docker run --cpus 1 --memory 512m --memory-swap 512m --shm-size 64m kb-os-vm:1 bash /exp/cg_replay.sh anon_oom
limit memory.max=536870912 memory.swap.max=0
m 508 write and read a 256 MiB file (page cache)
m 860 a process grows by 32 MiB every 0.15 s, no swap allowed
grow exit code 137
/exp/cg_replay.sh: line 7:    16 Killed                  python /exp/grow.py 32 800 0 > /tmp/g.log 2>&1
m 3759 the process is gone: killed by the cgroup OOM killer
grow: 480 MiB touched
s 0 3624 2772 0 0 0 0 0 0
s 25 3704 2772 0 0 0 0 0 0
s 50 3704 2772 0 0 0 0 0 0
s 79 3712 2772 0 0 0 0 0 0
s 105 3712 2772 0 0 0 0 0 0
s 135 3712 2772 0 0 0 0 0 0
s 165 3712 2772 0 0 0 0 0 0
s 191 3716 2772 0 0 0 0 0 0
s 216 3716 2772 0 0 0 0 0 0
s 241 3716 2772 0 0 0 0 0 0
s 267 3716 2772 0 0 0 0 0 0
s 292 3716 2772 0 0 0 0 0 0
s 318 3716 2772 0 0 0 0 0 0
s 344 3716 2772 0 0 0 0 0 0
s 369 3716 2772 0 0 0 0 0 0
s 395 3716 2772 0 0 0 0 0 0
s 421 3720 2772 0 0 0 0 0 0
s 446 3720 2772 0 0 0 0 0 0
s 473 3720 2772 0 0 0 0 0 0
s 498 19456 3828 13860 0 0 0 0 0
s 525 63232 3828 56496 0 0 0 0 0
s 560 86144 3828 78936 0 0 0 0 0
s 587 90368 3828 82896 0 0 0 0 0
s 613 106628 3828 98604 0 0 0 0 0
s 638 140164 3828 131076 0 0 0 0 0
s 664 169348 3828 159588 0 0 0 0 0
s 712 177796 3828 167640 0 0 0 0 0
s 737 193212 3828 182556 0 0 0 0 0
s 763 222440 3828 211068 0 0 0 0 0
s 788 252520 3828 240240 0 0 0 0 0
s 814 273984 3036 262020 0 0 0 0 0
s 839 274008 3168 262020 0 0 0 0 0
s 864 276832 5940 262020 0 0 0 0 0
s 890 281688 10296 262020 0 0 0 0 0
s 967 282176 10824 262020 0 0 0 0 0
s 993 286696 15048 262020 0 0 0 0 0
s 1018 319588 48028 262020 0 0 0 0 0
s 1044 319588 48028 262020 0 0 0 0 0
s 1072 319472 48028 262020 0 0 0 0 0
s 1100 319472 48028 262020 0 0 0 0 0
s 1130 319472 48028 262020 0 0 0 0 0
s 1158 351344 77700 262020 0 0 0 0 0
s 1191 352368 80804 262020 0 0 0 0 0
s 1216 352368 80804 262020 0 0 0 0 0
s 1241 352368 80804 262020 0 0 0 0 0
s 1269 352368 80804 262020 0 0 0 0 0
s 1295 352368 80804 262020 0 0 0 0 0
s 1320 382064 108428 262020 0 0 0 0 0
s 1347 385264 113580 262020 0 0 0 0 0
s 1373 385264 113580 262020 0 0 0 0 0
s 1405 385264 113580 262020 0 0 0 0 0
s 1439 385264 113580 262020 0 0 0 0 0
s 1473 385264 113580 262020 0 0 0 0 0
s 1500 418032 146356 262020 0 0 0 0 0
s 1526 418032 146356 262020 0 0 0 0 0
s 1557 417908 146356 262020 0 0 0 0 0
s 1584 417908 146356 262020 0 0 0 0 0
s 1619 417908 146356 262020 0 0 0 0 0
s 1646 418292 146356 262020 0 0 0 0 0
s 1676 450932 179152 262020 0 0 0 0 0
s 1706 450932 179152 262020 0 0 0 0 0
s 1740 450932 179152 262020 0 0 0 0 0
s 1773 450932 179152 262020 0 0 0 0 0
s 1804 450932 179152 262020 0 0 0 0 0
s 1832 483828 211928 262020 0 0 0 0 0
s 1862 483828 211928 262020 0 0 0 0 0
s 1889 483828 211928 262020 0 0 0 0 0
s 1915 483656 211928 262020 0 0 0 0 0
s 1940 483656 211928 262020 0 0 0 0 0
s 1967 483656 211928 262020 0 0 0 0 0
s 1993 516424 244704 262020 0 0 0 0 0
s 2021 516424 244704 262020 0 0 0 0 0
s 2050 516424 244704 262020 0 0 0 0 0
s 2084 516424 244704 262020 0 0 0 0 0
s 2119 516424 244704 262020 0 0 0 0 0
s 2144 522452 272328 239052 0 0 6 0 0
s 2172 521688 277480 235356 0 0 7 0 0
s 2201 521688 277480 235356 0 0 7 0 0
s 2235 521688 277480 235356 0 0 7 0 0
s 2270 521688 277480 235356 0 0 7 0 0
s 2297 521688 277480 235356 0 0 7 0 0
s 2323 523344 310324 204996 0 0 16 0 0
s 2351 523300 310324 204996 0 0 16 0 0
s 2381 523300 310324 204996 0 0 16 0 0
s 2411 523300 310324 204996 0 0 16 0 0
s 2437 523300 310324 204996 0 0 16 0 0
s 2465 523300 310324 204996 0 0 16 0 0
s 2493 523332 342968 173052 0 0 28 0 0
s 2527 523268 342968 173052 0 0 28 0 0
s 2554 523268 342968 173052 0 0 28 0 0
s 2587 523268 342968 173052 0 0 28 0 0
s 2613 523268 342968 173052 0 0 28 0 0
s 2640 523524 342968 173052 0 0 28 0 0
s 2667 523952 375744 141768 0 0 41 0 0
s 2700 523952 375744 141768 0 0 41 0 0
s 2735 524080 375744 141768 0 0 41 0 0
s 2767 524080 375744 141768 0 0 41 0 0
s 2797 524080 375744 141768 0 0 41 0 0
s 2824 522632 408520 108240 0 0 56 0 0
s 2855 522536 408520 108240 0 0 56 0 0
s 2880 522536 408520 108240 0 0 56 0 0
s 2913 522536 408520 108240 0 0 56 0 0
s 2947 522536 408520 108240 0 0 56 0 0
s 2974 522536 408520 108240 0 0 56 0 0
s 3000 523272 441296 76956 0 0 67 0 0
s 3030 523232 441296 76956 0 0 67 0 0
s 3065 523232 441296 76956 0 0 67 0 0
s 3099 523232 441296 76956 0 0 67 0 0
s 3134 523232 441296 76956 0 0 67 0 0
s 3160 523120 444476 73788 0 0 69 0 0
s 3185 524204 474072 46332 0 0 81 0 0
s 3219 524204 474072 46332 0 0 81 0 0
s 3251 524204 474072 46332 0 0 81 0 0
s 3277 524204 474072 46332 0 0 81 0 0
s 3302 524204 474072 46332 0 0 81 0 0
s 3327 524204 474072 46332 0 0 81 0 0
s 3353 524216 506848 14388 0 0 99 0 0
s 3381 524228 506848 14388 0 0 99 0 0
s 3407 524240 506848 14388 0 0 99 0 0
s 3437 524240 506848 14388 0 0 99 0 0
s 3470 524240 506848 14388 0 0 99 0 0
s 3505 523284 507904 12804 0 0 105 0 0
s 3601 522540 520796 0 0 0 162 1 0
s 3627 438288 436572 0 0 0 162 1 0
s 3652 321204 305500 0 0 0 162 1 0
s 3678 198040 174296 0 0 0 162 1 0
s 3704 60672 43224 0 0 0 162 1 0
s 3729 6256 5308 0 0 0 162 1 0
s 3755 4024 3196 0 0 0 162 1 0
s 3782 4024 3196 0 0 0 162 1 0
s 3817 4024 3196 0 0 0 162 1 0
s 3851 4024 3196 0 0 0 162 1 0
s 3884 4024 3196 0 0 0 162 1 0
s 3918 4024 3196 0 0 0 162 1 0
s 3945 4024 3196 0 0 0 162 1 0
s 3973 4024 3196 0 0 0 162 1 0
s 4005 4024 3196 0 0 0 162 1 0
s 4039 4024 3196 0 0 0 162 1 0
s 4074 4024 3196 0 0 0 162 1 0
s 4103 4024 3196 0 0 0 162 1 0
s 4137 4024 3196 0 0 0 162 1 0
s 4166 4024 3196 0 0 0 162 1 0
s 4193 4024 3196 0 0 0 162 1 0
s 4219 4024 3196 0 0 0 162 1 0
s 4245 3824 3196 0 0 0 162 1 0
events high 0
events max 162
events oom 2
events oom_kill 1
### host: container exit code 0
