### host: docker run --cpus 1 --memory 512m --memory-swap 512m --shm-size 64m kb-os-vm:1 bash /exp/cg_replay.sh pagecache
limit memory.max=536870912 memory.swap.max=0
m 504 write a 768 MiB file (dirty page cache)
m 1312 read it back once
m 1805 read it again
m 2236 done: no OOM, the limit capped the cache
s 0 3704 2904 0 0 0 0 0 0
s 25 3704 2904 0 0 0 0 0 0
s 51 3692 2904 0 0 0 0 0 0
s 80 3700 2904 0 0 0 0 0 0
s 106 3696 2904 0 0 0 0 0 0
s 131 3696 2904 0 0 0 0 0 0
s 157 3696 2904 0 0 0 0 0 0
s 182 3828 2904 0 0 0 0 0 0
s 207 3696 2904 0 0 0 0 0 0
s 232 3696 2904 0 0 0 0 0 0
s 258 3696 2904 0 0 0 0 0 0
s 283 3696 2904 0 0 0 0 0 0
s 308 3696 2904 0 0 0 0 0 0
s 334 3696 2904 0 0 0 0 0 0
s 359 3696 2904 0 0 0 0 0 0
s 390 3696 2904 0 0 0 0 0 0
s 416 3696 2904 0 0 0 0 0 0
s 442 3696 2904 0 0 0 0 0 0
s 467 3704 2904 0 0 0 0 0 0
s 492 20536 4092 15180 0 0 0 0 0
s 518 57624 4092 51084 0 0 0 0 0
s 543 85144 4092 77880 0 0 0 0 0
s 568 105368 4092 97416 0 0 0 0 0
s 594 141208 4092 132396 0 0 0 0 0
s 619 170648 4092 160776 0 0 0 0 0
s 645 199704 4092 189024 0 0 0 0 0
s 670 234392 4092 222684 0 0 0 0 0
s 695 259864 4092 247368 0 0 0 0 0
s 721 301976 4092 288156 0 0 0 0 0
s 746 323740 4092 309408 0 0 0 0 0
s 771 359452 4092 344256 0 0 0 0 0
s 800 395932 4092 379500 0 0 0 0 0
s 835 437276 4092 419760 0 0 0 0 0
s 860 468892 4092 450516 0 0 0 0 0
s 887 509084 4092 489456 0 0 0 0 0
s 912 524260 4092 504240 0 0 41 0 0
s 938 524212 4092 504372 0 0 200 0 0
s 963 524244 4092 504504 0 0 222 0 0
s 988 524172 4092 504636 0 0 266 0 0
s 1015 524284 4092 504372 0 0 393 0 0
s 1040 524288 4092 504240 0 0 435 0 0
s 1065 524168 4092 504240 0 0 462 0 0
s 1094 524168 4092 504108 0 0 624 0 0
s 1120 524060 4092 504108 0 0 666 0 0
s 1145 524168 4092 504108 0 0 682 0 0
s 1171 524172 4092 504108 0 0 720 0 0
s 1197 524220 4092 503976 0 0 816 0 0
s 1224 524168 4092 503976 0 0 891 0 0
s 1250 524176 4092 504108 0 0 1002 0 0
s 1275 524208 4092 503844 0 0 1120 0 0
s 1300 524176 3168 505032 0 0 1196 0 0
s 1326 524168 3168 506088 0 0 1335 0 0
s 1351 524048 3168 507012 0 0 1472 0 0
s 1376 524252 3168 507936 0 0 1620 0 0
s 1402 524288 3168 508728 0 0 1744 0 0
s 1427 524036 3168 509520 0 0 1884 0 0
s 1452 524248 3168 510576 0 0 2022 0 0
s 1479 524168 3168 511500 0 0 2194 0 0
s 1504 524232 3168 512820 0 0 2364 0 0
s 1530 524224 3168 513876 0 0 2529 0 0
s 1555 524164 3168 515196 0 0 2727 0 0
s 1581 524232 3168 516384 0 0 2895 0 0
s 1606 524264 3168 517440 0 0 3069 0 0
s 1634 524228 3168 518628 0 0 3237 0 0
s 1659 524168 3168 518628 0 0 3453 0 0
s 1685 524180 3168 518364 0 0 3620 0 0
s 1710 524164 3168 518760 0 0 3823 0 0
s 1737 524184 3168 518760 0 0 4017 0 0
s 1763 524276 3168 518628 0 0 4192 0 0
s 1788 524168 3168 518496 0 0 4335 0 0
s 1813 524164 3168 518364 0 0 4520 0 0
s 1839 524288 3168 518232 0 0 4701 0 0
s 1864 524224 3168 518232 0 0 4894 0 0
s 1891 524168 3168 518232 0 0 5093 0 0
s 1918 524228 3168 518364 0 0 5295 0 0
s 1944 524168 3168 518364 0 0 5497 0 0
s 1969 524036 3168 518232 0 0 5654 0 0
s 1996 524288 3168 518232 0 0 5857 0 0
s 2022 524168 3168 518496 0 0 6054 0 0
s 2049 524260 3168 518364 0 0 6247 0 0
s 2074 524168 3168 518496 0 0 6415 0 0
s 2102 524288 3168 518496 0 0 6617 0 0
s 2129 524036 3168 518232 0 0 6815 0 0
s 2154 524168 3168 518232 0 0 7005 0 0
s 2179 524164 3168 518496 0 0 7196 0 0
s 2205 524164 3168 518496 0 0 7380 0 0
s 2231 523996 3168 518496 0 0 7406 0 0
s 2256 523996 3168 518496 0 0 7406 0 0
s 2284 523996 3168 518496 0 0 7406 0 0
s 2313 523996 3168 518496 0 0 7406 0 0
s 2346 523996 3168 518496 0 0 7406 0 0
s 2372 523996 3168 518496 0 0 7406 0 0
s 2397 523996 3168 518496 0 0 7406 0 0
s 2422 523996 3168 518496 0 0 7406 0 0
s 2455 524124 3168 518496 0 0 7406 0 0
s 2485 524124 3168 518496 0 0 7406 0 0
s 2511 524124 3168 518496 0 0 7406 0 0
s 2538 524124 3168 518496 0 0 7406 0 0
s 2573 524124 3168 518496 0 0 7406 0 0
s 2601 524124 3168 518496 0 0 7406 0 0
s 2637 524124 3168 518496 0 0 7406 0 0
s 2668 524124 3168 518496 0 0 7406 0 0
s 2694 524124 3168 518496 0 0 7406 0 0
events high 0
events max 7406
events oom 0
events oom_kill 0
### host: container exit code 0
