### host: docker run --cpus 1 --memory 512m --memory-swap 1g --shm-size 64m kb-os-vm:1 bash /exp/cg_replay.sh swap
limit memory.max=536870912 memory.swap.max=536870912
m 505 a process grows to 640 MiB against a 512 MiB limit, swap allowed
grow exit code 0
m 16239 done: alive, but every pass ran at disk speed
grow: pass 0 over 640 MiB took 4.03 s
grow: pass 1 over 640 MiB took 4.94 s
grow: pass 2 over 640 MiB took 4.08 s
s 0 3604 2772 0 0 0 0 0 0
s 25 3696 2772 0 0 0 0 0 0
s 58 3696 2772 0 0 0 0 0 0
s 84 3696 2772 0 0 0 0 0 0
s 112 3696 2772 0 0 0 0 0 0
s 142 3696 2772 0 0 0 0 0 0
s 177 3696 2772 0 0 0 0 0 0
s 208 3696 2772 0 0 0 0 0 0
s 240 3696 2772 0 0 0 0 0 0
s 275 3696 2772 0 0 0 0 0 0
s 304 3824 2772 0 0 0 0 0 0
s 329 3824 2772 0 0 0 0 0 0
s 355 3708 2772 0 0 0 0 0 0
s 382 3708 2772 0 0 0 0 0 0
s 408 3708 2772 0 0 0 0 0 0
s 433 3708 2772 0 0 0 0 0 0
s 459 3712 2772 0 0 0 0 0 0
s 484 4300 2904 0 0 0 0 0 0
s 510 6524 5676 0 0 0 0 0 0
s 535 10744 9372 0 0 0 0 0 0
s 561 13716 12408 0 0 0 0 0 0
s 586 13656 12408 0 0 0 0 0 0
s 611 13656 12408 0 0 0 0 0 0
s 637 14936 13332 0 0 0 0 0 0
s 663 82392 80728 0 0 0 0 0 0
s 691 82392 80728 0 0 0 0 0 0
s 717 82260 80728 0 0 0 0 0 0
s 742 82260 80728 0 0 0 0 0 0
s 771 82264 80728 0 0 0 0 0 0
s 796 82264 80728 0 0 0 0 0 0
s 822 147544 143880 0 0 0 0 0 0
s 849 148184 146324 0 0 0 0 0 0
s 874 148184 146324 0 0 0 0 0 0
s 900 147936 146324 0 0 0 0 0 0
s 925 147936 146324 0 0 0 0 0 0
s 950 147936 146324 0 0 0 0 0 0
s 976 163936 160272 0 0 0 0 0 0
s 1001 213728 211868 0 0 0 0 0 0
s 1026 213728 211868 0 0 0 0 0 0
s 1053 213728 211868 0 0 0 0 0 0
s 1083 213728 211868 0 0 0 0 0 0
s 1110 213728 211868 0 0 0 0 0 0
s 1144 279008 274968 0 0 0 0 0 0
s 1179 279392 277412 0 0 0 0 0 0
s 1210 279392 277412 0 0 0 0 0 0
s 1244 279392 277412 0 0 0 0 0 0
s 1272 279392 277412 0 0 0 0 0 0
s 1297 311904 307748 0 0 0 0 0 0
s 1326 345068 342960 0 0 0 0 0 0
s 1356 345196 342960 0 0 0 0 0 0
s 1381 345196 342960 0 0 0 0 0 0
s 1406 345196 342960 0 0 0 0 0 0
s 1433 345196 342960 0 0 0 0 0 0
s 1459 410860 408508 0 0 0 0 0 0
s 1484 410860 408508 0 0 0 0 0 0
s 1510 410860 408508 0 0 0 0 0 0
s 1542 410860 408508 0 0 0 0 0 0
s 1575 410860 408508 0 0 0 0 0 0
s 1604 410860 408508 0 0 0 0 0 0
s 1632 476524 474052 0 0 0 0 0 0
s 1660 476524 474052 0 0 0 0 0 0
s 1694 476524 474052 0 0 0 0 0 0
s 1724 476524 474052 0 0 0 0 0 0
s 1753 476524 474052 0 0 0 0 0 0
s 1779 523072 520768 0 0 0 1 0 0
s 1804 521604 518816 0 0 12440 5 0 0
s 1837 523520 513244 0 0 26488 7 0 0
s 1871 523520 513244 0 0 26488 7 0 0
s 1906 523520 513244 0 0 26488 7 0 0
s 1939 523520 513244 0 0 26488 7 0 0
s 1967 523520 513244 0 0 26488 7 0 0
s 1993 523696 515224 0 0 26524 18 0 0
s 2019 523784 499040 0 0 53112 22 0 0
s 2046 521936 484972 0 0 79532 27 0 0
s 2072 522064 482016 0 0 98464 33 0 0
s 2097 524040 474684 0 0 120676 38 0 0
s 2124 522020 456124 0 0 145252 41 0 0
s 2155 524268 460544 0 0 145252 42 0 0
s 2186 524268 460544 0 0 145252 42 0 0
s 2217 524268 460544 0 0 145252 42 0 0
s 2252 524268 460544 0 0 145252 42 0 0
s 2278 524136 461204 0 0 145252 48 0 0
s 2303 521792 445392 0 0 166316 56 0 0
s 2332 522232 429412 0 0 190344 59 0 0
s 2359 522552 422864 0 0 211524 64 0 0
s 2385 522440 411036 0 0 233360 68 0 0
s 2411 522236 398748 0 0 255888 72 0 0
s 2438 521424 384412 0 0 280456 76 0 0
s 2473 523264 386792 0 0 284552 77 0 0
s 2499 523264 386792 0 0 284552 77 0 0
s 2526 523264 386792 0 0 284552 77 0 0
s 2558 523264 386792 0 0 284552 77 0 0
s 2585 523264 386792 0 0 284552 77 0 0
s 2611 524268 387980 0 0 283532 79 0 0
s 2636 524172 386396 0 0 285152 94 0 0
s 2663 524224 383096 0 0 288580 119 0 0
s 2689 524200 378740 0 0 292932 143 0 0
s 2716 524268 378212 0 0 293344 167 0 0
s 2742 524176 373856 0 0 297888 190 0 0
s 2768 524268 375440 0 0 296444 208 0 0
s 2796 524268 373988 0 0 297848 227 0 0
s 2823 524240 373856 0 0 297840 237 0 0
s 2848 524284 365144 0 0 306800 249 0 0
s 2873 524248 362240 0 0 309896 265 0 0
s 2899 524224 360920 0 0 311396 281 0 0
s 2925 524288 352340 0 0 319656 299 0 0
s 2951 524224 341252 0 0 330776 315 0 0
s 2976 524280 335048 0 0 336636 342 0 0
s 3001 524280 332144 0 0 339576 365 0 0
s 3027 524268 331484 0 0 339832 391 0 0
s 3052 524236 330692 0 0 340856 415 0 0
s 3077 524208 327524 0 0 344088 442 0 0
s 3103 524288 327392 0 0 344352 465 0 0
s 3128 524268 328712 0 0 342904 484 0 0
s 3153 524280 322640 0 0 348792 501 0 0
s 3179 524268 318548 0 0 353152 525 0 0
s 3204 524280 310496 0 0 361088 545 0 0
s 3229 524268 305480 0 0 366352 558 0 0
s 3254 524216 300200 0 0 371072 570 0 0
s 3280 524268 304820 0 0 366720 589 0 0
s 3306 524288 309968 0 0 361600 624 0 0
s 3332 524288 313928 0 0 356992 651 0 0
s 3357 524276 319076 0 0 351872 688 0 0
s 3382 524148 326600 0 0 344704 738 0 0
s 3408 524276 332144 0 0 338816 775 0 0
s 3433 524256 336500 0 0 334720 805 0 0
s 3459 524284 340592 0 0 331136 832 0 0
s 3484 524288 344156 0 0 327552 856 0 0
s 3509 524260 347852 0 0 323712 880 0 0
s 3535 524268 351680 0 0 319872 906 0 0
s 3560 524276 354980 0 0 316288 930 0 0
s 3586 524276 358676 0 0 312448 956 0 0
s 3611 524288 362108 0 0 309120 978 0 0
s 3637 524284 365672 0 0 305792 1002 0 0
s 3670 524240 369236 0 0 302464 1026 0 0
s 3697 524276 373592 0 0 298112 1054 0 0
s 3722 524276 378212 0 0 293504 1085 0 0
s 3748 524148 383360 0 0 288384 1119 0 0
s 3773 524276 387980 0 0 283776 1150 0 0
s 3798 524268 391808 0 0 279680 1176 0 0
s 3824 524184 393920 0 0 277888 1189 0 0
s 3850 524284 397220 0 0 274304 1211 0 0
s 3876 524196 398408 0 0 273280 1219 0 0
s 3902 524260 402368 0 0 269440 1246 0 0
s 3928 524288 406724 0 0 264832 1274 0 0
s 3957 524276 410024 0 0 262016 1301 0 0
s 3983 524276 414248 0 0 262016 1360 0 0
s 4009 524284 418472 0 0 262016 1414 0 0
s 4034 524264 421640 0 0 262016 1459 0 0
s 4061 524228 423752 0 0 262016 1488 0 0
s 4087 524172 428504 0 0 262016 1554 0 0
s 4116 524148 433256 0 0 262016 1614 0 0
s 4144 524284 437876 0 0 262016 1674 0 0
s 4170 524276 442892 0 0 262016 1742 0 0
s 4197 524192 447116 0 0 262016 1800 0 0
s 4223 524276 452264 0 0 262016 1868 0 0
s 4248 524276 459128 0 0 262016 1961 0 0
s 4274 524276 463352 0 0 262016 2021 0 0
s 4302 524228 458204 0 0 269584 2060 0 0
s 4328 524276 452924 0 0 274740 2082 0 0
s 4354 524284 450680 0 0 276644 2113 0 0
s 4379 524284 448700 0 0 278676 2137 0 0
s 4406 524276 446588 0 0 280592 2156 0 0
s 4432 524232 446984 0 0 280592 2167 0 0
s 4457 524196 445796 0 0 281844 2192 0 0
s 4484 524236 444080 0 0 283260 2220 0 0
s 4510 524284 441572 0 0 285756 2245 0 0
s 4535 524244 440780 0 0 286856 2274 0 0
s 4562 524200 439064 0 0 288516 2301 0 0
s 4588 524176 435764 0 0 291576 2328 0 0
s 4614 524276 434180 0 0 292940 2356 0 0
s 4640 524192 424808 0 0 302848 2374 0 0
s 4665 524268 423884 0 0 303444 2413 0 0
s 4691 524276 422432 0 0 304772 2439 0 0
s 4717 524208 419528 0 0 307868 2461 0 0
s 4749 524224 412928 0 0 314340 2491 0 0
s 4774 524288 414776 0 0 312688 2522 0 0
s 4800 524276 413588 0 0 313940 2550 0 0
s 4825 524244 411872 0 0 315804 2579 0 0
s 4851 524148 410552 0 0 317232 2596 0 0
s 4876 524276 408308 0 0 318928 2614 0 0
s 4902 524276 407384 0 0 320128 2629 0 0
s 4928 524276 408044 0 0 319160 2654 0 0
s 4953 524276 407780 0 0 319544 2684 0 0
s 4978 524276 406328 0 0 321088 2711 0 0
s 5005 524276 402500 0 0 324892 2737 0 0
s 5031 524272 398936 0 0 328476 2769 0 0
s 5056 524276 394184 0 0 333092 2794 0 0
s 5081 524288 390092 0 0 337188 2818 0 0
s 5107 524240 384416 0 0 343288 2843 0 0
s 5132 524248 378608 0 0 348964 2866 0 0
s 5157 524276 375704 0 0 351780 2888 0 0
s 5184 524200 371876 0 0 355524 2915 0 0
s 5210 524248 371084 0 0 356024 2944 0 0
s 5236 524284 370820 0 0 356284 2972 0 0
s 5261 524256 370688 0 0 356468 2991 0 0
s 5287 524288 370952 0 0 356192 3015 0 0
s 5312 524288 371480 0 0 355584 3044 0 0
s 5338 524280 370952 0 0 356200 3071 0 0
s 5363 524260 373328 0 0 352436 3098 0 0
s 5388 524208 375044 0 0 348380 3126 0 0
s 5414 524276 378080 0 0 342308 3161 0 0
s 5440 524208 380060 0 0 338868 3192 0 0
s 5469 524260 385604 0 0 327860 3231 0 0
s 5494 524288 387452 0 0 323660 3257 0 0
s 5520 524276 389696 0 0 318352 3286 0 0
s 5545 524288 390356 0 0 317684 3299 0 0
s 5577 524288 390356 0 0 317684 3299 0 0
s 5607 524272 390488 0 0 317484 3303 0 0
s 5633 524284 390620 0 0 317228 3304 0 0
s 5658 524260 391940 0 0 315004 3316 0 0
s 5702 524284 396296 0 0 310068 3321 0 0
s 5727 524276 398408 0 0 307688 3329 0 0
s 5753 524088 408704 0 0 296944 3342 0 0
s 5779 524196 411608 0 0 292544 3363 0 0
s 5805 524256 417812 0 0 285404 3381 0 0
s 5830 524284 421112 0 0 281920 3395 0 0
s 5857 524148 424940 0 0 277272 3403 0 0
s 5889 524280 435104 0 0 266508 3418 0 0
s 5915 524148 438404 0 0 262264 3438 0 0
s 5941 524284 440780 0 0 261684 3486 0 0
s 5966 524280 443156 0 0 260920 3539 0 0
s 5993 524276 445400 0 0 260576 3590 0 0
s 6019 524236 446456 0 0 261004 3613 0 0
s 6048 524276 448172 0 0 258520 3660 0 0
s 6074 524256 449756 0 0 257144 3695 0 0
s 6102 524244 454244 0 0 252128 3754 0 0
s 6127 524276 457280 0 0 249444 3785 0 0
s 6153 524284 461636 0 0 243556 3827 0 0
s 6179 524176 465596 0 0 237924 3864 0 0
s 6204 524272 466652 0 0 237124 3893 0 0
s 6232 524216 468368 0 0 236080 3927 0 0
s 6258 524276 467444 0 0 237840 3949 0 0
s 6284 524256 469952 0 0 235576 3983 0 0
s 6310 524200 470876 0 0 234476 4008 0 0
s 6335 524288 472460 0 0 232940 4022 0 0
s 6361 524276 473384 0 0 231696 4042 0 0
s 6387 524288 474440 0 0 231040 4054 0 0
s 6413 524284 474968 0 0 232072 4074 0 0
s 6439 524288 474704 0 0 232700 4092 0 0
s 6465 524188 475496 0 0 232716 4114 0 0
s 6491 524276 474572 0 0 235300 4129 0 0
s 6516 524288 476288 0 0 233544 4153 0 0
s 6542 524288 476420 0 0 234476 4172 0 0
s 6568 524288 475892 0 0 236568 4195 0 0
s 6593 524140 476552 0 0 237732 4229 0 0
s 6619 524288 476948 0 0 238380 4242 0 0
s 6648 524284 476816 0 0 239852 4259 0 0
s 6674 524288 474836 0 0 242648 4279 0 0
s 6700 524144 474968 0 0 242068 4290 0 0
s 6726 524136 473780 0 0 244344 4306 0 0
s 6751 524288 472856 0 0 246880 4326 0 0
s 6777 524148 472592 0 0 247248 4347 0 0
s 6803 524276 473384 0 0 245404 4387 0 0
s 6828 524192 470744 0 0 250960 4423 0 0
s 6853 524260 468104 0 0 255900 4454 0 0
s 6879 524288 465992 0 0 260204 4483 0 0
s 6905 524288 464804 0 0 262688 4508 0 0
s 6931 524268 465200 0 0 262228 4520 0 0
s 6957 522384 461092 0 0 265952 4524 0 0
s 6983 522964 462636 0 0 264928 4524 0 0
s 7009 524276 464616 0 0 262984 4543 0 0
s 7047 524236 465012 0 0 262500 4565 0 0
s 7073 524288 464880 0 0 262992 4587 0 0
s 7098 524276 464616 0 0 262876 4610 0 0
s 7131 524200 463824 0 0 263880 4627 0 0
s 7159 524276 464880 0 0 262600 4634 0 0
s 7184 524252 464484 0 0 263004 4655 0 0
s 7210 524276 464484 0 0 263168 4676 0 0
s 7235 524244 463956 0 0 263416 4694 0 0
s 7261 524284 464220 0 0 263256 4717 0 0
s 7286 524192 464088 0 0 263324 4737 0 0
s 7314 524204 464220 0 0 263204 4765 0 0
s 7340 524284 464484 0 0 262972 4783 0 0
s 7366 524116 463956 0 0 263760 4802 0 0
s 7391 524276 464484 0 0 262828 4822 0 0
s 7417 524212 464088 0 0 263064 4838 0 0
s 7442 524288 465276 0 0 262148 4865 0 0
s 7468 524284 465276 0 0 261948 4891 0 0
s 7493 524192 465276 0 0 262344 4912 0 0
s 7519 524212 464748 0 0 262808 4936 0 0
s 7544 524276 464880 0 0 262112 4959 0 0
s 7569 524176 465144 0 0 262420 4978 0 0
s 7597 524220 465012 0 0 262136 5008 0 0
s 7622 524096 463956 0 0 263356 5039 0 0
s 7648 524200 465144 0 0 262324 5062 0 0
s 7673 524260 465144 0 0 262132 5092 0 0
s 7700 524264 465012 0 0 262484 5122 0 0
s 7726 524288 464880 0 0 262464 5143 0 0
s 7752 524284 464748 0 0 262276 5163 0 0
s 7777 524276 463560 0 0 263748 5187 0 0
s 7802 524244 464616 0 0 262840 5210 0 0
s 7828 524276 464484 0 0 262896 5235 0 0
s 7856 524284 464748 0 0 262808 5260 0 0
s 7881 524276 463692 0 0 263220 5283 0 0
s 7907 524192 463824 0 0 263648 5307 0 0
s 7932 524276 464484 0 0 262856 5333 0 0
s 7958 524244 464616 0 0 262596 5356 0 0
s 7984 524276 464748 0 0 262940 5383 0 0
s 8009 524272 464880 0 0 262496 5405 0 0
s 8035 524288 464088 0 0 263444 5428 0 0
s 8060 524284 465012 0 0 262672 5452 0 0
s 8086 524256 464880 0 0 262368 5476 0 0
s 8111 524276 464088 0 0 263120 5501 0 0
s 8137 524268 464352 0 0 262804 5526 0 0
s 8162 524236 464880 0 0 262356 5553 0 0
s 8188 524156 464880 0 0 262448 5582 0 0
s 8214 524244 464748 0 0 262560 5608 0 0
s 8239 524280 464484 0 0 262944 5634 0 0
s 8266 524228 464880 0 0 262404 5665 0 0
s 8291 524288 464748 0 0 262648 5692 0 0
s 8317 524264 463692 0 0 263640 5715 0 0
s 8342 524256 464088 0 0 263108 5739 0 0
s 8368 524288 464748 0 0 262580 5764 0 0
s 8393 524152 464484 0 0 262788 5790 0 0
s 8420 524020 465012 0 0 262540 5814 0 0
s 8445 524272 464484 0 0 262916 5841 0 0
s 8472 524288 465144 0 0 262360 5866 0 0
s 8497 524276 464484 0 0 262824 5890 0 0
s 8523 524276 465144 0 0 262292 5925 0 0
s 8548 524220 465276 0 0 262068 5957 0 0
s 8574 524184 465012 0 0 262720 5982 0 0
s 8599 524256 464616 0 0 262920 6000 0 0
s 8625 524276 464352 0 0 263148 6015 0 0
s 8650 524276 465144 0 0 262464 6036 0 0
s 8675 524276 465012 0 0 262372 6064 0 0
s 8701 524200 465144 0 0 261892 6093 0 0
s 8726 524276 465540 0 0 261256 6126 0 0
s 8753 524196 465144 0 0 262016 6163 0 0
s 8778 524276 464880 0 0 262188 6191 0 0
s 8803 524140 465672 0 0 260992 6217 0 0
s 8829 524236 465936 0 0 260428 6256 0 0
s 8854 524288 465804 0 0 260176 6294 0 0
s 8880 524268 466596 0 0 259396 6332 0 0
s 8905 524284 468048 0 0 256836 6370 0 0
s 8931 524248 468444 0 0 255480 6407 0 0
s 8956 524268 467652 0 0 257280 6442 0 0
s 8982 524224 467652 0 0 256640 6482 0 0
s 9008 524244 467784 0 0 256496 6510 0 0
s 9033 524200 466332 0 0 259868 6540 0 0
s 9059 524288 465144 0 0 262336 6562 0 0
s 9084 524148 464616 0 0 262580 6584 0 0
s 9110 524232 464220 0 0 263016 6608 0 0
s 9136 524276 464352 0 0 262948 6629 0 0
s 9161 524276 464616 0 0 262772 6652 0 0
s 9186 524268 464616 0 0 262620 6676 0 0
s 9212 524176 463956 0 0 263288 6697 0 0
s 9237 524276 464352 0 0 262832 6707 0 0
s 9263 524284 464616 0 0 262940 6728 0 0
s 9288 524228 463824 0 0 263652 6751 0 0
s 9313 524288 464220 0 0 263248 6773 0 0
s 9339 524280 464088 0 0 263296 6798 0 0
s 9364 524276 464484 0 0 262836 6821 0 0
s 9389 524276 463560 0 0 263668 6846 0 0
s 9415 524148 463164 0 0 264056 6869 0 0
s 9441 524048 464220 0 0 263288 6892 0 0
s 9466 524264 463428 0 0 263760 6908 0 0
s 9492 524276 463428 0 0 263404 6924 0 0
s 9517 524288 464220 0 0 262792 6947 0 0
s 9542 524288 463560 0 0 263708 6968 0 0
s 9568 524144 463824 0 0 263036 6990 0 0
s 9593 524276 464088 0 0 262336 7012 0 0
s 9619 524104 463692 0 0 263216 7028 0 0
s 9644 524280 464352 0 0 262228 7055 0 0
s 9670 524276 464220 0 0 262044 7074 0 0
s 9695 524204 464484 0 0 261720 7097 0 0
s 9721 524276 464088 0 0 262356 7106 0 0
s 9746 524048 464748 0 0 261984 7128 0 0
s 9772 524288 464484 0 0 262276 7152 0 0
s 9797 524236 464616 0 0 261896 7178 0 0
s 9823 524264 464616 0 0 261968 7205 0 0
s 9848 524224 465540 0 0 260036 7234 0 0
s 9873 524196 466992 0 0 257224 7250 0 0
s 9899 524284 467784 0 0 255844 7278 0 0
s 9924 524136 466992 0 0 258164 7316 0 0
s 9950 524156 464748 0 0 261128 7358 0 0
s 9975 524288 464484 0 0 262132 7396 0 0
s 10000 524288 464616 0 0 261928 7429 0 0
s 10026 524092 464748 0 0 262028 7464 0 0
s 10051 524148 463560 0 0 263376 7500 0 0
s 10076 524204 464484 0 0 262360 7536 0 0
s 10102 524248 464880 0 0 262012 7570 0 0
s 10127 524248 463956 0 0 262596 7606 0 0
s 10152 524144 463692 0 0 263216 7640 0 0
s 10178 524244 464616 0 0 262332 7673 0 0
s 10203 524284 464352 0 0 262396 7712 0 0
s 10228 524284 464880 0 0 261672 7747 0 0
s 10254 524204 464880 0 0 261556 7795 0 0
s 10279 524232 465144 0 0 261496 7842 0 0
s 10304 524288 465276 0 0 261620 7880 0 0
s 10330 524276 463956 0 0 262832 7914 0 0
s 10355 524152 459996 0 0 267132 7942 0 0
s 10381 524288 454452 0 0 272464 7962 0 0
s 10406 524276 453000 0 0 273848 7986 0 0
s 10431 524276 453528 0 0 272956 8012 0 0
s 10457 524276 453396 0 0 273140 8037 0 0
s 10484 524276 453528 0 0 272780 8062 0 0
s 10511 524192 453528 0 0 273292 8094 0 0
s 10537 524280 452736 0 0 274100 8120 0 0
s 10562 524252 454056 0 0 272740 8146 0 0
s 10589 524276 453000 0 0 273288 8171 0 0
s 10617 524180 453924 0 0 272568 8201 0 0
s 10642 524268 454320 0 0 272524 8224 0 0
s 10667 524276 453528 0 0 272952 8252 0 0
s 10693 524288 454584 0 0 271792 8278 0 0
s 10718 524212 454716 0 0 271920 8302 0 0
s 10744 524224 454980 0 0 271132 8325 0 0
s 10769 524288 456432 0 0 268208 8352 0 0
s 10794 524184 457488 0 0 266056 8376 0 0
s 10820 524148 457752 0 0 265036 8388 0 0
s 10845 524268 459204 0 0 262564 8410 0 0
s 10871 524232 459468 0 0 261960 8449 0 0
s 10896 524288 459468 0 0 261972 8482 0 0
s 10922 524276 458148 0 0 263408 8513 0 0
s 10947 524232 459336 0 0 262600 8538 0 0
s 10972 524196 458940 0 0 262768 8563 0 0
s 10998 524276 458544 0 0 262892 8588 0 0
s 11023 524288 458676 0 0 262980 8601 0 0
s 11050 524028 459072 0 0 263232 8631 0 0
s 11075 524268 459336 0 0 262300 8650 0 0
s 11101 524276 458412 0 0 263080 8665 0 0
s 11126 524220 458676 0 0 263196 8677 0 0
s 11155 524180 459336 0 0 262468 8713 0 0
s 11180 524216 459468 0 0 262288 8746 0 0
s 11212 524228 459204 0 0 262588 8748 0 0
s 11237 524120 458412 0 0 263412 8762 0 0
s 11263 524276 461844 0 0 262504 8797 0 0
s 11288 524264 464220 0 0 262184 8824 0 0
s 11314 524160 464352 0 0 262640 8850 0 0
s 11339 524284 464748 0 0 262300 8875 0 0
s 11365 524280 463956 0 0 263008 8900 0 0
s 11390 524276 464352 0 0 263004 8929 0 0
s 11415 524272 464088 0 0 262860 8961 0 0
s 11442 524284 464352 0 0 262840 8996 0 0
s 11467 524220 464220 0 0 263632 9028 0 0
s 11492 524256 464088 0 0 263672 9055 0 0
s 11518 524240 463956 0 0 263380 9082 0 0
s 11543 524288 463956 0 0 263072 9108 0 0
s 11568 524288 463824 0 0 263372 9139 0 0
s 11595 524284 464484 0 0 263992 9163 0 0
s 11620 524288 463560 0 0 263512 9196 0 0
s 11645 524280 464220 0 0 262848 9227 0 0
s 11671 524288 464484 0 0 262424 9261 0 0
s 11696 524288 464484 0 0 262152 9295 0 0
s 11721 524276 464616 0 0 262092 9331 0 0
s 11747 524228 464484 0 0 261980 9362 0 0
s 11772 524288 463692 0 0 263100 9396 0 0
s 11797 524192 463824 0 0 262984 9428 0 0
s 11824 524180 463560 0 0 263572 9460 0 0
s 11850 524276 464484 0 0 262420 9490 0 0
s 11875 524276 464220 0 0 262620 9518 0 0
s 11902 524276 464748 0 0 261916 9558 0 0
s 11927 524148 465144 0 0 261340 9594 0 0
s 11953 524212 464880 0 0 261972 9638 0 0
s 11978 524276 464616 0 0 261988 9669 0 0
s 12005 524288 464748 0 0 261732 9712 0 0
s 12032 524260 464880 0 0 261952 9753 0 0
s 12057 524228 465276 0 0 261992 9793 0 0
s 12082 524252 465276 0 0 261736 9832 0 0
s 12108 524232 465012 0 0 261904 9873 0 0
s 12133 524168 465012 0 0 261884 9907 0 0
s 12159 524228 464880 0 0 262104 9954 0 0
s 12184 524204 465540 0 0 260700 9998 0 0
s 12209 524276 464616 0 0 262500 10034 0 0
s 12235 524212 464220 0 0 262816 10062 0 0
s 12262 524276 463428 0 0 263604 10098 0 0
s 12289 524288 464880 0 0 262448 10130 0 0
s 12315 524276 464220 0 0 262864 10156 0 0
s 12341 524276 463956 0 0 263464 10180 0 0
s 12366 524248 463824 0 0 263520 10207 0 0
s 12392 524284 464616 0 0 262724 10231 0 0
s 12417 524288 464220 0 0 262964 10256 0 0
s 12442 524192 463692 0 0 263508 10275 0 0
s 12468 524276 463428 0 0 263400 10298 0 0
s 12493 524288 463956 0 0 262932 10328 0 0
s 12519 524240 464616 0 0 262488 10354 0 0
s 12545 524276 464088 0 0 263008 10378 0 0
s 12573 524276 464352 0 0 262584 10406 0 0
s 12599 524276 464088 0 0 262992 10431 0 0
s 12625 524264 464220 0 0 262908 10457 0 0
s 12650 524288 463956 0 0 262952 10480 0 0
s 12675 524284 464616 0 0 262544 10505 0 0
s 12701 524276 464220 0 0 262820 10531 0 0
s 12726 524288 464616 0 0 262704 10556 0 0
s 12751 524220 465144 0 0 261984 10579 0 0
s 12778 524068 464880 0 0 262352 10614 0 0
s 12805 524228 464880 0 0 262004 10657 0 0
s 12831 524272 466200 0 0 259444 10687 0 0
s 12857 524236 466332 0 0 259640 10714 0 0
s 12884 524240 466464 0 0 259556 10754 0 0
s 12911 524148 466200 0 0 260472 10797 0 0
s 12939 524136 465408 0 0 261900 10840 0 0
s 12965 524208 465276 0 0 262252 10882 0 0
s 12990 524276 465144 0 0 262288 10924 0 0
s 13015 524276 465144 0 0 261940 10954 0 0
s 13041 524196 464748 0 0 262572 10986 0 0
s 13068 524276 465276 0 0 262092 11024 0 0
s 13093 524096 465144 0 0 262076 11065 0 0
s 13119 524228 465144 0 0 262312 11097 0 0
s 13144 524268 465144 0 0 262076 11130 0 0
s 13170 524276 464880 0 0 262300 11152 0 0
s 13196 524084 465276 0 0 262388 11182 0 0
s 13221 524092 465276 0 0 262044 11216 0 0
s 13246 524160 465276 0 0 261884 11271 0 0
s 13273 524284 465144 0 0 262000 11319 0 0
s 13300 524284 465012 0 0 262116 11357 0 0
s 13326 524280 465012 0 0 262024 11386 0 0
s 13351 524288 464880 0 0 262300 11411 0 0
s 13376 524288 465012 0 0 262096 11439 0 0
s 13402 524228 464352 0 0 263192 11463 0 0
s 13428 524256 465276 0 0 261812 11494 0 0
s 13454 524232 465012 0 0 262512 11526 0 0
s 13479 524288 464484 0 0 262804 11555 0 0
s 13505 524276 465012 0 0 262272 11588 0 0
s 13530 524276 464484 0 0 263180 11612 0 0
s 13556 524280 464484 0 0 262956 11642 0 0
s 13581 524276 464352 0 0 263268 11669 0 0
s 13606 524276 464748 0 0 262680 11698 0 0
s 13632 524288 464220 0 0 263264 11725 0 0
s 13657 524220 464220 0 0 262884 11752 0 0
s 13682 524288 463824 0 0 263428 11779 0 0
s 13708 524276 464352 0 0 262908 11810 0 0
s 13733 524276 464484 0 0 262668 11844 0 0
s 13759 524256 463824 0 0 263104 11873 0 0
s 13784 524284 464220 0 0 262808 11903 0 0
s 13809 524212 464616 0 0 262384 11940 0 0
s 13835 524268 464880 0 0 262196 11981 0 0
s 13860 524268 464880 0 0 262112 12016 0 0
s 13886 524288 464748 0 0 262140 12048 0 0
s 13911 524288 464880 0 0 262120 12074 0 0
s 13936 524244 464616 0 0 262808 12106 0 0
s 13961 524224 463824 0 0 263380 12136 0 0
s 13987 524276 464484 0 0 262568 12169 0 0
s 14014 524232 464088 0 0 263460 12199 0 0
s 14040 524276 464484 0 0 262764 12230 0 0
s 14065 524284 464484 0 0 262832 12257 0 0
s 14090 524276 464352 0 0 262704 12286 0 0
s 14116 524276 465012 0 0 262196 12314 0 0
s 14141 524276 464616 0 0 262400 12337 0 0
s 14166 524276 464352 0 0 262752 12360 0 0
s 14193 524276 464880 0 0 262260 12389 0 0
s 14220 523748 464088 0 0 263308 12419 0 0
s 14245 524272 464352 0 0 263040 12447 0 0
s 14271 524288 463956 0 0 262904 12477 0 0
s 14296 524276 464088 0 0 262812 12502 0 0
s 14321 524284 463956 0 0 263176 12535 0 0
s 14347 524288 464088 0 0 262952 12571 0 0
s 14372 524212 464880 0 0 262508 12605 0 0
s 14399 524284 464484 0 0 262836 12637 0 0
s 14424 524272 463956 0 0 263444 12668 0 0
s 14450 524276 464352 0 0 262788 12693 0 0
s 14475 524276 464088 0 0 262924 12724 0 0
s 14501 524168 464748 0 0 262172 12761 0 0
s 14526 524284 464616 0 0 262408 12793 0 0
s 14551 524276 464484 0 0 262696 12821 0 0
s 14577 524276 464220 0 0 263036 12852 0 0
s 14602 524276 464748 0 0 262364 12882 0 0
s 14630 524236 463956 0 0 263172 12918 0 0
s 14656 524276 463824 0 0 263164 12947 0 0
s 14683 524164 465012 0 0 262092 12980 0 0
s 14708 524288 465144 0 0 262200 13007 0 0
s 14734 524280 465144 0 0 261760 13051 0 0
s 14759 524204 465408 0 0 261520 13101 0 0
s 14785 524252 464880 0 0 262320 13138 0 0
s 14810 524244 465144 0 0 262044 13177 0 0
s 14835 524268 465144 0 0 262000 13218 0 0
s 14862 524196 465012 0 0 262080 13263 0 0
s 14887 524256 465144 0 0 261708 13276 0 0
s 14914 524264 465012 0 0 261852 13322 0 0
s 14940 524284 464880 0 0 261944 13340 0 0
s 14965 524192 464880 0 0 261828 13377 0 0
s 14992 524244 464748 0 0 262116 13422 0 0
s 15017 524224 464748 0 0 261940 13463 0 0
s 15042 524276 465012 0 0 261896 13496 0 0
s 15068 524280 464880 0 0 262344 13534 0 0
s 15094 524224 463428 0 0 263444 13558 0 0
s 15119 524288 464352 0 0 262592 13584 0 0
s 15145 524288 464220 0 0 262772 13618 0 0
s 15170 524224 464616 0 0 262684 13650 0 0
s 15195 524176 464088 0 0 263196 13683 0 0
s 15221 524288 464220 0 0 262876 13708 0 0
s 15247 524288 464352 0 0 262932 13730 0 0
s 15275 524276 463032 0 0 264360 13751 0 0
s 15300 524224 463692 0 0 263676 13763 0 0
s 15326 524208 464352 0 0 263052 13790 0 0
s 15355 524288 463296 0 0 263784 13821 0 0
s 15380 524276 463428 0 0 263564 13850 0 0
s 15407 524252 463560 0 0 263776 13882 0 0
s 15432 524224 463296 0 0 263972 13910 0 0
s 15457 524276 464088 0 0 263156 13940 0 0
s 15483 524236 463296 0 0 263692 13973 0 0
s 15510 524276 463296 0 0 263600 14007 0 0
s 15536 524212 463428 0 0 263820 14035 0 0
s 15562 524276 464352 0 0 262560 14062 0 0
s 15588 524272 464748 0 0 262056 14088 0 0
s 15613 524288 465012 0 0 261908 14123 0 0
s 15638 524276 464748 0 0 262072 14152 0 0
s 15664 524236 465012 0 0 262076 14163 0 0
s 15689 524240 465144 0 0 261788 14173 0 0
s 15717 524052 465276 0 0 261804 14181 0 0
s 15743 524196 465276 0 0 261892 14188 0 0
s 15768 524176 465276 0 0 261800 14199 0 0
s 15794 524288 464880 0 0 262128 14208 0 0
s 15819 524284 464748 0 0 262084 14216 0 0
s 15845 524280 464748 0 0 261824 14223 0 0
s 15871 524112 465276 0 0 261836 14230 0 0
s 15898 524288 465408 0 0 261836 14232 0 0
s 15925 524264 465672 0 0 261920 14234 0 0
s 15952 524220 465936 0 0 261568 14237 0 0
s 15978 524288 466464 0 0 261780 14240 0 0
s 16004 524276 466728 0 0 262056 14245 0 0
s 16030 524224 467520 0 0 261944 14252 0 0
s 16067 458620 369840 0 0 261944 14252 0 0
s 16098 380812 297916 0 0 261944 14252 0 0
s 16127 274064 205648 0 0 261688 14252 0 0
s 16159 133060 77344 0 0 179516 14252 0 0
s 16185 68088 11740 0 0 62520 14252 0 0
s 16211 60020 784 0 0 60984 14252 0 0
s 16237 60432 1180 0 0 60984 14252 0 0
s 16262 60432 1180 0 0 60984 14252 0 0
s 16294 60432 1180 0 0 60984 14252 0 0
s 16329 60432 1180 0 0 60984 14252 0 0
s 16361 60432 1180 0 0 60984 14252 0 0
s 16388 60480 1180 0 0 60984 14252 0 0
s 16414 60188 1180 0 0 60984 14252 0 0
s 16441 60184 1180 0 0 60984 14252 0 0
s 16467 60184 1180 0 0 60984 14252 0 0
s 16494 60184 1180 0 0 60984 14252 0 0
s 16519 60184 1180 0 0 60984 14252 0 0
s 16545 60184 1180 0 0 60984 14252 0 0
s 16572 60184 1180 0 0 60984 14252 0 0
s 16597 60184 1180 0 0 60984 14252 0 0
s 16623 60184 1180 0 0 60984 14252 0 0
s 16650 60188 1180 0 0 60984 14252 0 0
s 16682 60188 1180 0 0 60984 14252 0 0
s 16709 60188 1180 0 0 60984 14252 0 0
events high 0
events max 14252
events oom 0
events oom_kill 0
### host: container exit code 0
