### host: docker run --cpus 1 --memory 512m --memory-swap 512m --shm-size 1g kb-os-vm:1 bash /exp/cg_replay.sh shm
limit memory.max=536870912 memory.swap.max=0
m 523 write 320 MiB into /dev/shm (shared memory, as DataLoader workers do)
m 693 a process grows to 320 MiB of its own
grow exit code 137
/exp/cg_replay.sh: line 7:    14 Killed                  python /exp/grow.py 32 320 0 > /tmp/g.log 2>&1
m 1865 killed although no process ever held more than 320 MiB
grow: 160 MiB touched
s 0 3728 2772 0 0 0 0 0 0
s 26 3628 2772 0 0 0 0 0 0
s 53 3628 2772 0 0 0 0 0 0
s 81 3628 2904 0 0 0 0 0 0
s 106 3628 2904 0 0 0 0 0 0
s 137 3628 2904 0 0 0 0 0 0
s 172 3628 2904 0 0 0 0 0 0
s 198 3628 2904 0 0 0 0 0 0
s 226 3628 2904 0 0 0 0 0 0
s 257 3628 2904 0 0 0 0 0 0
s 285 3628 2904 0 0 0 0 0 0
s 312 3628 2904 0 0 0 0 0 0
s 338 3756 2904 0 0 0 0 0 0
s 363 3756 2904 0 0 0 0 0 0
s 390 3756 2904 0 0 0 0 0 0
s 415 3756 2904 0 0 0 0 0 0
s 444 3756 2904 0 0 0 0 0 0
s 479 3756 2904 0 0 0 0 0 0
s 505 26436 4092 21120 21120 0 0 0 0
s 531 79936 4092 74580 74580 0 0 0 0
s 558 140864 4092 135300 135300 0 0 0 0
s 583 189760 4092 184272 184272 0 0 0 0
s 611 237632 4092 231660 231660 0 0 0 0
s 637 289252 4092 283404 283404 0 0 0 0
s 663 333936 4620 327624 327624 0 0 0 0
s 690 335996 6600 327624 327624 0 0 0 0
s 719 339068 9372 327624 327624 0 0 0 0
s 744 340480 10692 327624 327624 0 0 0 0
s 814 340804 11220 327624 327624 0 0 0 0
s 844 341608 12012 327624 327624 0 0 0 0
s 869 341804 12012 327624 327624 0 0 0 0
s 895 343108 13200 327624 327624 0 0 0 0
s 921 347808 15708 327624 327624 0 0 0 0
s 947 377872 47852 327624 327624 0 0 0 0
s 973 377872 47852 327624 327624 0 0 0 0
s 998 377872 47852 327624 327624 0 0 0 0
s 1025 377872 47852 327624 327624 0 0 0 0
s 1052 377872 47852 327624 327624 0 0 0 0
s 1077 377872 47852 327624 327624 0 0 0 0
s 1102 410716 80628 327624 327624 0 0 0 0
s 1128 410716 80628 327624 327624 0 0 0 0
s 1154 410716 80628 327624 327624 0 0 0 0
s 1181 410716 80628 327624 327624 0 0 0 0
s 1207 410716 80628 327624 327624 0 0 0 0
s 1234 410716 80628 327624 327624 0 0 0 0
s 1259 443484 113404 327624 327624 0 0 0 0
s 1286 443484 113404 327624 327624 0 0 0 0
s 1314 443484 113404 327624 327624 0 0 0 0
s 1341 443484 113404 327624 327624 0 0 0 0
s 1366 443484 113404 327624 327624 0 0 0 0
s 1394 443484 113404 327624 327624 0 0 0 0
s 1421 476380 146184 327624 327624 0 0 0 0
s 1447 476380 146184 327624 327624 0 0 0 0
s 1474 476380 146184 327624 327624 0 0 0 0
s 1499 476380 146184 327624 327624 0 0 0 0
s 1524 476392 146184 327624 327624 0 0 0 0
s 1550 476392 146184 327624 327624 0 0 0 0
s 1575 509160 178960 327624 327624 0 0 0 0
s 1601 509160 178960 327624 327624 0 0 0 0
s 1626 509160 178960 327624 327624 0 0 0 0
s 1653 509160 178960 327624 327624 0 0 0 0
s 1680 509160 178960 327624 327624 0 0 0 0
s 1705 509160 178960 327624 327624 0 0 0 0
s 1736 524152 194168 327624 327624 0 44 0 0
s 1762 524152 194168 327624 327624 0 44 0 0
s 1787 524020 194168 327624 327624 0 44 1 0
s 1813 393120 43136 327624 327624 0 44 1 0
s 1838 332324 2980 327624 327624 0 44 1 0
s 1864 332180 2980 327624 327624 0 44 1 0
s 1899 332180 2980 327624 327624 0 44 1 0
s 1934 332180 2980 327624 327624 0 44 1 0
s 1959 332176 2980 327624 327624 0 44 1 0
s 1986 332180 2980 327624 327624 0 44 1 0
s 2013 332180 2980 327624 327624 0 44 1 0
s 2044 332180 2980 327624 327624 0 44 1 0
s 2076 332180 2980 327624 327624 0 44 1 0
s 2107 332180 2980 327624 327624 0 44 1 0
s 2139 332180 2980 327624 327624 0 44 1 0
s 2170 332308 2980 327624 327624 0 44 1 0
s 2205 332308 2980 327624 327624 0 44 1 0
s 2236 332308 2980 327624 327624 0 44 1 0
s 2269 332308 2980 327624 327624 0 44 1 0
s 2304 332308 2980 327624 327624 0 44 1 0
s 2331 332436 2980 327624 327624 0 44 1 0
events high 0
events max 44
events oom 1
events oom_kill 1
### host: container exit code 0
