# config {"sock": "b.sock", "out": "base_att.txt", "policy": "none", "rate": 100, "duration": 30.0, "timeout_ms": 5000.0, "attempts": 3, "base_ms": 100, "cap_ms": 2000, "max_tokens": 10, "token_ratio": 0.1, "seed": 1} start_offset_ms 297.1
0 0 299.1 331.3 ok
1 0 319.5 345.4 ok
2 0 332.0 358.3 ok
3 0 335.5 361.7 ok
4 0 343.2 370.7 ok
5 0 348.2 374.6 ok
6 0 358.3 386.1 ok
7 0 374.3 400.2 ok
8 0 374.7 400.3 ok
9 0 375.0 400.5 ok
10 0 394.1 420.8 ok
11 0 400.0 429.3 ok
12 0 413.9 440.6 ok
13 0 413.9 440.7 ok
14 0 420.3 447.3 ok
15 0 432.5 460.1 ok
16 0 434.8 466.0 ok
17 0 464.0 489.5 ok
18 0 488.7 514.8 ok
19 0 488.7 514.9 ok
20 0 488.7 514.9 ok
21 0 496.4 524.0 ok
22 0 523.8 550.9 ok
23 0 528.8 555.3 ok
24 0 530.6 556.6 ok
25 0 537.0 563.5 ok
26 0 537.0 576.9 ok
27 0 538.8 580.8 ok
28 0 545.7 581.7 ok
29 0 551.3 588.6 ok
30 0 554.5 603.1 ok
31 0 556.5 606.0 ok
32 0 559.4 606.9 ok
33 0 565.4 614.1 ok
34 0 569.2 630.3 ok
35 0 569.2 631.2 ok
36 0 588.1 632.1 ok
37 0 596.6 641.1 ok
38 0 605.8 663.2 ok
39 0 607.4 663.2 ok
40 0 657.6 689.0 ok
41 0 678.1 705.8 ok
42 0 678.1 705.9 ok
43 0 682.0 707.6 ok
44 0 695.3 721.7 ok
45 0 706.6 734.2 ok
46 0 734.1 759.9 ok
47 0 740.8 768.9 ok
48 0 759.4 785.9 ok
49 0 768.7 796.3 ok
50 0 772.7 798.7 ok
51 0 781.2 807.7 ok
52 0 803.2 829.7 ok
53 0 823.0 850.7 ok
54 0 829.3 858.4 ok
55 0 838.8 864.5 ok
56 0 838.8 864.5 ok
57 0 840.3 876.6 ok
58 0 858.1 885.3 ok
59 0 862.1 890.7 ok
60 0 863.4 890.7 ok
61 0 871.7 902.0 ok
62 0 885.0 911.1 ok
63 0 895.5 921.4 ok
64 0 900.1 926.5 ok
65 0 905.7 932.0 ok
66 0 912.4 938.4 ok
67 0 927.3 953.8 ok
68 0 935.2 960.8 ok
69 0 939.8 966.4 ok
70 0 947.9 975.2 ok
71 0 947.9 979.7 ok
72 0 947.9 987.6 ok
73 0 960.5 992.6 ok
74 0 1001.9 1028.1 ok
75 0 1010.8 1037.9 ok
76 0 1014.8 1040.8 ok
77 0 1016.1 1041.8 ok
78 0 1024.5 1055.3 ok
79 0 1065.1 1091.7 ok
80 0 1079.9 1107.6 ok
81 0 1087.0 1113.6 ok
83 0 1107.9 1135.0 ok
82 0 1107.3 1135.0 ok
84 0 1115.5 1142.6 ok
85 0 1146.3 1174.1 ok
86 0 1156.1 1183.1 ok
87 0 1161.3 1188.1 ok
88 0 1164.3 1190.7 ok
89 0 1173.2 1202.0 ok
90 0 1203.4 1231.6 ok
91 0 1203.5 1231.7 ok
92 0 1220.6 1249.6 ok
93 0 1236.5 1264.7 ok
94 0 1258.2 1286.6 ok
95 0 1272.2 1298.8 ok
96 0 1287.4 1313.5 ok
97 0 1294.8 1322.7 ok
98 0 1303.2 1329.3 ok
99 0 1309.6 1336.5 ok
100 0 1309.6 1338.6 ok
101 0 1329.3 1355.6 ok
102 0 1338.0 1364.0 ok
103 0 1340.3 1366.7 ok
104 0 1348.7 1375.2 ok
105 0 1354.9 1382.2 ok
106 0 1358.8 1392.2 ok
107 0 1363.1 1392.5 ok
108 0 1370.9 1400.9 ok
109 0 1381.0 1409.5 ok
110 0 1391.1 1419.9 ok
111 0 1396.6 1425.3 ok
112 0 1396.6 1425.5 ok
113 0 1399.0 1435.5 ok
114 0 1400.5 1447.0 ok
115 0 1409.3 1451.1 ok
116 0 1429.7 1456.4 ok
117 0 1446.8 1474.5 ok
118 0 1461.9 1489.3 ok
119 0 1478.6 1505.4 ok
120 0 1481.1 1507.7 ok
121 0 1501.2 1529.6 ok
122 0 1510.9 1538.1 ok
123 0 1511.2 1538.4 ok
124 0 1511.3 1538.4 ok
125 0 1511.4 1556.1 ok
126 0 1527.7 1564.8 ok
127 0 1528.6 1564.8 ok
128 0 1529.7 1564.9 ok
129 0 1540.1 1581.0 ok
130 0 1544.4 1590.4 ok
131 0 1544.5 1591.5 ok
132 0 1548.1 1593.6 ok
133 0 1555.0 1606.3 ok
134 0 1556.0 1621.1 ok
135 0 1559.2 1621.1 ok
136 0 1572.9 1621.2 ok
137 0 1578.1 1633.6 ok
138 0 1581.5 1646.5 ok
139 0 1588.8 1646.7 ok
140 0 1588.9 1646.8 ok
141 0 1593.8 1659.5 ok
142 0 1598.9 1673.7 ok
143 0 1600.3 1673.8 ok
144 0 1601.5 1673.8 ok
145 0 1625.1 1686.5 ok
146 0 1632.7 1701.6 ok
147 0 1633.8 1701.9 ok
148 0 1644.6 1701.9 ok
149 0 1660.1 1713.0 ok
150 0 1660.3 1728.1 ok
151 0 1660.4 1728.2 ok
152 0 1662.3 1728.2 ok
153 0 1674.8 1739.0 ok
154 0 1676.8 1754.4 ok
155 0 1689.1 1754.5 ok
156 0 1700.9 1754.5 ok
157 0 1709.4 1765.5 ok
158 0 1710.5 1781.4 ok
159 0 1749.6 1781.5 ok
160 0 1764.9 1793.8 ok
161 0 1771.3 1798.4 ok
162 0 1773.7 1806.9 ok
163 0 1784.3 1812.5 ok
164 0 1791.5 1819.8 ok
165 0 1798.1 1824.1 ok
166 0 1801.8 1834.1 ok
167 0 1811.9 1839.4 ok
168 0 1811.9 1846.3 ok
169 0 1815.6 1851.3 ok
170 0 1850.6 1877.5 ok
171 0 1871.4 1900.1 ok
172 0 1874.9 1900.9 ok
173 0 1894.7 1922.1 ok
174 0 1898.6 1927.1 ok
175 0 1926.6 1955.4 ok
176 0 1939.8 1967.8 ok
177 0 1945.6 1972.1 ok
178 0 1947.7 1973.6 ok
179 0 1947.7 1981.5 ok
180 0 1968.6 1996.3 ok
181 0 1968.9 1997.5 ok
182 0 1987.1 2014.7 ok
183 0 2019.4 2046.3 ok
184 0 2029.1 2055.8 ok
185 0 2029.1 2055.9 ok
186 0 2050.1 2077.7 ok
187 0 2087.7 2113.8 ok
188 0 2099.9 2127.3 ok
189 0 2106.2 2132.5 ok
190 0 2110.6 2136.1 ok
191 0 2114.0 2140.1 ok
192 0 2116.9 2152.6 ok
193 0 2127.6 2159.0 ok
194 0 2133.4 2161.5 ok
195 0 2135.9 2165.9 ok
196 0 2136.5 2179.7 ok
197 0 2149.4 2184.1 ok
198 0 2151.2 2187.2 ok
199 0 2158.9 2191.9 ok
200 0 2161.9 2207.1 ok
201 0 2183.0 2209.4 ok
203 0 2206.9 2234.6 ok
202 0 2206.9 2234.6 ok
204 0 2207.9 2234.6 ok
205 0 2212.3 2238.5 ok
206 0 2257.4 2284.2 ok
207 0 2272.0 2299.6 ok
208 0 2275.2 2300.9 ok
209 0 2277.4 2303.3 ok
210 0 2289.3 2316.8 ok
211 0 2307.2 2334.9 ok
212 0 2334.7 2361.3 ok
213 0 2338.2 2364.1 ok
214 0 2361.0 2388.4 ok
215 0 2372.2 2398.8 ok
216 0 2378.4 2405.2 ok
217 0 2421.6 2447.5 ok
218 0 2422.3 2447.6 ok
220 0 2437.2 2464.6 ok
219 0 2437.2 2464.6 ok
221 0 2437.9 2474.5 ok
222 0 2464.1 2490.2 ok
223 0 2464.4 2490.2 ok
224 0 2479.7 2507.5 ok
225 0 2489.9 2515.8 ok
226 0 2507.2 2535.0 ok
227 0 2511.6 2537.6 ok
228 0 2515.6 2541.5 ok
229 0 2519.1 2545.1 ok
230 0 2538.9 2566.6 ok
231 0 2548.7 2576.3 ok
232 0 2579.4 2605.5 ok
233 0 2603.1 2631.9 ok
234 0 2603.1 2631.9 ok
235 0 2611.2 2637.0 ok
236 0 2611.2 2637.0 ok
238 0 2612.5 2657.8 ok
237 0 2611.6 2657.8 ok
239 0 2632.5 2663.3 ok
240 0 2650.0 2676.0 ok
241 0 2666.2 2696.7 ok
242 0 2670.7 2696.8 ok
243 0 2679.9 2707.4 ok
244 0 2696.4 2722.2 ok
245 0 2699.3 2725.4 ok
246 0 2707.8 2734.0 ok
247 0 2710.8 2736.4 ok
248 0 2711.1 2747.5 ok
249 0 2715.0 2751.3 ok
250 0 2736.4 2764.1 ok
251 0 2745.7 2771.3 ok
252 0 2770.7 2796.7 ok
253 0 2776.8 2803.9 ok
254 0 2780.7 2812.4 ok
255 0 2796.3 2822.2 ok
256 0 2813.2 2839.3 ok
257 0 2813.2 2839.3 ok
258 0 2824.8 2850.4 ok
259 0 2825.2 2850.8 ok
260 0 2826.7 2866.4 ok
261 0 2849.7 2876.9 ok
262 0 2849.7 2876.9 ok
263 0 2851.2 2876.9 ok
264 0 2896.8 2922.5 ok
265 0 2902.1 2929.0 ok
266 0 2902.3 2929.0 ok
267 0 2904.5 2930.1 ok
268 0 2907.4 2947.7 ok
269 0 2921.9 2954.6 ok
270 0 2921.9 2954.6 ok
271 0 2946.3 2974.0 ok
272 0 2951.2 2977.6 ok
273 0 2985.7 3012.1 ok
274 0 3011.7 3037.4 ok
275 0 3013.2 3039.0 ok
276 0 3016.7 3042.9 ok
277 0 3023.7 3049.9 ok
278 0 3023.7 3063.2 ok
279 0 3036.2 3064.4 ok
280 0 3036.2 3068.9 ok
281 0 3036.2 3075.8 ok
282 0 3075.7 3101.3 ok
283 0 3079.3 3105.5 ok
284 0 3089.8 3117.4 ok
285 0 3093.8 3119.4 ok
286 0 3098.3 3127.2 ok
287 0 3098.3 3131.5 ok
288 0 3123.1 3150.7 ok
289 0 3159.3 3185.8 ok
290 0 3194.3 3220.9 ok
291 0 3194.3 3221.0 ok
292 0 3196.3 3222.0 ok
293 0 3207.8 3233.6 ok
294 0 3247.0 3273.0 ok
295 0 3254.1 3279.6 ok
296 0 3266.4 3292.1 ok
297 0 3275.5 3302.0 ok
298 0 3278.9 3305.2 ok
299 0 3286.2 3312.0 ok
300 0 3290.5 3317.3 ok
301 0 3292.6 3327.3 ok
302 0 3293.5 3331.1 ok
303 0 3296.8 3338.6 ok
304 0 3338.3 3364.0 ok
305 0 3343.7 3370.3 ok
306 0 3356.2 3383.1 ok
307 0 3364.5 3390.1 ok
308 0 3393.3 3420.9 ok
309 0 3398.7 3425.0 ok
310 0 3401.9 3428.0 ok
311 0 3406.1 3432.3 ok
312 0 3409.8 3447.1 ok
313 0 3427.9 3454.1 ok
314 0 3451.1 3477.0 ok
315 0 3453.9 3479.5 ok
316 0 3458.9 3484.8 ok
317 0 3466.6 3492.3 ok
318 0 3474.5 3502.6 ok
319 0 3484.5 3514.5 ok
320 0 3486.7 3514.5 ok
321 0 3486.7 3518.1 ok
322 0 3489.9 3530.0 ok
323 0 3490.2 3539.8 ok
324 0 3499.6 3539.9 ok
325 0 3499.6 3544.2 ok
326 0 3499.6 3555.1 ok
327 0 3511.6 3564.9 ok
328 0 3513.7 3565.0 ok
329 0 3529.8 3570.3 ok
330 0 3536.3 3581.1 ok
331 0 3555.6 3592.2 ok
332 0 3557.5 3592.2 ok
333 0 3564.2 3595.7 ok
334 0 3580.8 3606.5 ok
335 0 3580.8 3618.3 ok
336 0 3611.7 3639.1 ok
337 0 3612.6 3639.1 ok
338 0 3629.6 3656.9 ok
339 0 3671.5 3698.3 ok
340 0 3687.1 3713.7 ok
341 0 3690.9 3716.7 ok
342 0 3691.7 3717.1 ok
343 0 3698.9 3726.3 ok
344 0 3725.7 3751.9 ok
345 0 3727.8 3753.4 ok
346 0 3751.7 3778.1 ok
347 0 3751.7 3778.1 ok
348 0 3777.6 3805.5 ok
349 0 3777.6 3805.5 ok
350 0 3779.8 3805.5 ok
351 0 3805.1 3831.7 ok
352 0 3821.4 3847.6 ok
353 0 3843.7 3871.0 ok
354 0 3861.8 3894.9 ok
355 0 3876.2 3903.0 ok
357 0 3888.9 3920.6 ok
356 0 3888.9 3920.6 ok
358 0 3895.0 3920.9 ok
359 0 3896.4 3928.4 ok
360 0 3908.9 3945.6 ok
361 0 3920.3 3946.0 ok
362 0 3922.7 3948.7 ok
363 0 3923.4 3954.8 ok
364 0 3956.8 3985.5 ok
365 0 3975.0 4000.7 ok
366 0 3985.1 4010.9 ok
367 0 3989.5 4015.0 ok
368 0 4009.5 4036.1 ok
369 0 4014.5 4039.9 ok
370 0 4019.8 4045.7 ok
371 0 4023.1 4049.4 ok
372 0 4026.7 4061.5 ok
373 0 4026.7 4066.1 ok
374 0 4036.7 4072.0 ok
375 0 4042.0 4075.2 ok
376 0 4050.9 4087.0 ok
377 0 4051.6 4091.5 ok
378 0 4056.4 4098.4 ok
379 0 4057.0 4100.6 ok
380 0 4058.3 4112.3 ok
381 0 4061.3 4116.5 ok
382 0 4079.3 4125.2 ok
383 0 4084.2 4125.8 ok
384 0 4089.2 4138.4 ok
385 0 4098.7 4141.8 ok
386 0 4101.4 4150.8 ok
387 0 4101.4 4151.0 ok
388 0 4110.6 4164.3 ok
389 0 4116.0 4168.6 ok
390 0 4126.3 4176.1 ok
391 0 4132.7 4176.2 ok
392 0 4144.1 4189.5 ok
393 0 4158.3 4192.6 ok
394 0 4159.8 4203.5 ok
395 0 4166.9 4203.5 ok
396 0 4173.1 4215.1 ok
397 0 4175.6 4218.3 ok
398 0 4183.4 4230.5 ok
399 0 4189.1 4230.6 ok
400 0 4214.8 4240.5 ok
401 0 4239.1 4264.8 ok
402 0 4241.0 4267.0 ok
403 0 4253.4 4279.9 ok
404 0 4253.4 4279.9 ok
405 0 4253.4 4291.4 ok
406 0 4261.2 4292.2 ok
408 0 4282.5 4310.0 ok
407 0 4280.8 4310.0 ok
409 0 4297.1 4322.6 ok
410 0 4318.5 4345.9 ok
411 0 4322.2 4348.3 ok
412 0 4334.5 4360.2 ok
413 0 4353.2 4379.1 ok
414 0 4357.6 4383.2 ok
415 0 4369.7 4395.6 ok
416 0 4383.0 4414.1 ok
417 0 4394.2 4421.5 ok
418 0 4413.7 4439.5 ok
419 0 4434.2 4460.4 ok
420 0 4466.5 4492.3 ok
421 0 4476.8 4502.9 ok
422 0 4476.8 4503.0 ok
423 0 4480.2 4505.7 ok
424 0 4482.4 4518.9 ok
425 0 4490.9 4530.1 ok
426 0 4504.8 4530.5 ok
427 0 4505.1 4530.9 ok
428 0 4518.6 4544.4 ok
429 0 4529.9 4555.7 ok
430 0 4534.1 4560.6 ok
431 0 4540.9 4566.9 ok
432 0 4542.8 4569.9 ok
433 0 4555.7 4583.3 ok
434 0 4556.0 4586.3 ok
435 0 4596.5 4624.0 ok
436 0 4614.4 4641.2 ok
437 0 4623.8 4649.5 ok
438 0 4625.6 4651.2 ok
439 0 4649.8 4677.4 ok
440 0 4682.8 4710.3 ok
441 0 4683.2 4710.4 ok
442 0 4700.2 4728.0 ok
443 0 4716.8 4742.7 ok
444 0 4727.7 4753.5 ok
445 0 4741.0 4768.7 ok
446 0 4746.0 4772.1 ok
447 0 4771.7 4799.3 ok
448 0 4808.5 4834.4 ok
449 0 4812.1 4838.1 ok
450 0 4829.8 4857.1 ok
451 0 4834.2 4860.3 ok
452 0 4835.3 4860.7 ok
453 0 4839.3 4865.7 ok
454 0 4840.7 4884.2 ok
455 0 4865.3 4892.6 ok
456 0 4897.4 4923.6 ok
457 0 4897.7 4923.6 ok
458 0 4908.9 4936.0 ok
459 0 4912.9 4938.9 ok
460 0 4913.4 4950.3 ok
461 0 4917.7 4950.3 ok
462 0 4920.2 4963.2 ok
463 0 4935.6 4964.1 ok
465 0 4935.8 4976.4 ok
464 0 4935.6 4976.4 ok
466 0 4942.2 4988.9 ok
467 0 4942.2 4989.4 ok
468 0 4951.9 5002.8 ok
469 0 4962.9 5002.9 ok
470 0 4979.6 5015.4 ok
471 0 4981.7 5015.4 ok
472 0 4985.3 5028.3 ok
473 0 4993.2 5028.4 ok
475 0 5004.8 5041.1 ok
474 0 4996.2 5041.1 ok
476 0 5007.9 5053.6 ok
477 0 5019.7 5053.7 ok
478 0 5036.0 5068.2 ok
479 0 5053.1 5080.4 ok
480 0 5089.1 5115.9 ok
481 0 5096.8 5122.9 ok
482 0 5103.3 5130.2 ok
483 0 5122.7 5148.7 ok
484 0 5136.3 5162.7 ok
485 0 5146.5 5172.1 ok
486 0 5149.6 5175.8 ok
487 0 5158.4 5186.3 ok
488 0 5158.4 5188.1 ok
489 0 5170.7 5197.8 ok
490 0 5171.7 5201.8 ok
491 0 5186.0 5213.7 ok
492 0 5194.5 5221.6 ok
493 0 5227.9 5255.4 ok
494 0 5242.9 5270.3 ok
496 0 5279.0 5305.5 ok
495 0 5279.0 5305.5 ok
497 0 5285.8 5311.7 ok
498 0 5296.3 5322.7 ok
499 0 5298.3 5330.6 ok
500 0 5305.3 5330.7 ok
501 0 5310.3 5337.8 ok
502 0 5318.3 5350.0 ok
503 0 5318.3 5356.2 ok
504 0 5322.7 5356.2 ok
505 0 5330.2 5364.5 ok
506 0 5332.7 5375.5 ok
508 0 5353.3 5382.9 ok
507 0 5337.6 5382.9 ok
509 0 5364.4 5390.0 ok
510 0 5372.2 5402.9 ok
511 0 5382.7 5409.4 ok
512 0 5386.9 5413.1 ok
513 0 5388.7 5415.5 ok
514 0 5388.8 5428.7 ok
515 0 5392.1 5436.0 ok
516 0 5402.6 5438.7 ok
517 0 5423.9 5449.8 ok
518 0 5440.1 5468.3 ok
519 0 5447.2 5473.6 ok
520 0 5492.6 5518.4 ok
521 0 5496.8 5522.9 ok
522 0 5516.7 5543.8 ok
523 0 5520.2 5546.6 ok
524 0 5535.6 5563.4 ok
525 0 5579.5 5609.1 ok
526 0 5581.4 5609.1 ok
527 0 5583.3 5609.6 ok
528 0 5595.8 5622.4 ok
529 0 5601.5 5636.0 ok
530 0 5607.3 5636.1 ok
531 0 5607.3 5636.1 ok
532 0 5609.8 5649.2 ok
534 0 5621.3 5664.3 ok
533 0 5616.5 5664.3 ok
535 0 5642.0 5669.9 ok
536 0 5649.2 5678.3 ok
537 0 5663.2 5690.9 ok
538 0 5685.6 5713.6 ok
539 0 5701.0 5729.2 ok
540 0 5706.7 5734.2 ok
541 0 5720.9 5749.3 ok
542 0 5729.7 5760.7 ok
543 0 5741.5 5767.9 ok
544 0 5750.3 5778.2 ok
545 0 5756.4 5786.5 ok
546 0 5766.1 5794.4 ok
547 0 5777.1 5806.1 ok
548 0 5805.0 5833.8 ok
549 0 5819.2 5847.1 ok
550 0 5837.7 5866.8 ok
551 0 5852.5 5880.3 ok
552 0 5868.7 5896.5 ok
553 0 5879.6 5907.5 ok
554 0 5882.1 5907.7 ok
555 0 5885.5 5911.9 ok
556 0 5897.3 5923.7 ok
557 0 5919.6 5948.9 ok
558 0 5926.6 5963.6 ok
559 0 5927.8 5963.6 ok
560 0 5947.7 5976.0 ok
562 0 5962.1 5992.5 ok
563 0 5962.1 5992.5 ok
561 0 5962.1 5992.6 ok
564 0 5966.3 6002.6 ok
565 0 5980.4 6018.6 ok
566 0 5986.3 6018.7 ok
567 0 5991.5 6018.7 ok
568 0 6001.8 6029.9 ok
569 0 6001.9 6045.9 ok
570 0 6008.5 6045.9 ok
571 0 6038.3 6066.1 ok
572 0 6057.4 6088.0 ok
573 0 6057.4 6088.0 ok
574 0 6065.8 6092.0 ok
575 0 6076.6 6103.2 ok
576 0 6077.1 6114.7 ok
577 0 6079.5 6114.8 ok
578 0 6102.8 6129.3 ok
579 0 6104.0 6129.4 ok
580 0 6104.8 6140.8 ok
581 0 6124.4 6151.9 ok
582 0 6130.0 6155.7 ok
583 0 6135.5 6161.9 ok
584 0 6141.8 6168.9 ok
585 0 6155.5 6181.2 ok
586 0 6157.0 6182.8 ok
587 0 6168.7 6195.7 ok
588 0 6180.5 6207.7 ok
589 0 6197.0 6222.4 ok
590 0 6200.5 6226.7 ok
591 0 6209.7 6237.1 ok
592 0 6212.4 6238.0 ok
593 0 6222.0 6249.5 ok
594 0 6222.1 6252.3 ok
595 0 6237.8 6263.3 ok
596 0 6259.2 6286.7 ok
597 0 6262.4 6288.1 ok
598 0 6264.5 6290.4 ok
599 0 6299.3 6326.9 ok
600 0 6311.9 6339.5 ok
601 0 6328.7 6354.4 ok
602 0 6328.7 6354.4 ok
603 0 6353.6 6380.7 ok
604 0 6362.6 6388.5 ok
605 0 6365.7 6391.3 ok
606 0 6372.0 6399.9 ok
607 0 6386.2 6413.7 ok
608 0 6400.7 6428.4 ok
609 0 6403.1 6428.7 ok
611 0 6414.4 6441.0 ok
610 0 6413.3 6441.0 ok
612 0 6452.6 6480.4 ok
613 0 6457.2 6483.2 ok
614 0 6480.8 6506.6 ok
615 0 6495.8 6522.6 ok
616 0 6504.8 6530.8 ok
617 0 6506.4 6532.0 ok
618 0 6513.9 6540.7 ok
619 0 6515.3 6549.6 ok
620 0 6516.8 6557.1 ok
621 0 6530.6 6557.2 ok
622 0 6534.0 6566.0 ok
623 0 6549.3 6577.0 ok
624 0 6550.4 6582.6 ok
625 0 6564.4 6590.3 ok
626 0 6576.9 6604.1 ok
627 0 6579.8 6605.8 ok
628 0 6580.5 6608.2 ok
629 0 6586.2 6617.2 ok
630 0 6592.7 6629.4 ok
631 0 6593.4 6630.6 ok
632 0 6595.9 6633.8 ok
633 0 6596.0 6644.3 ok
634 0 6605.3 6656.4 ok
635 0 6629.1 6656.5 ok
636 0 6629.5 6659.6 ok
637 0 6629.8 6671.3 ok
638 0 6644.0 6683.5 ok
639 0 6659.4 6685.4 ok
640 0 6693.8 6723.3 ok
641 0 6703.6 6741.5 ok
642 0 6706.3 6741.8 ok
643 0 6724.2 6751.6 ok
644 0 6725.5 6751.6 ok
645 0 6741.5 6768.8 ok
646 0 6741.5 6768.8 ok
647 0 6743.5 6778.8 ok
648 0 6751.2 6778.8 ok
649 0 6755.5 6794.6 ok
650 0 6756.8 6794.8 ok
651 0 6759.8 6806.1 ok
652 0 6778.3 6806.2 ok
653 0 6783.5 6821.7 ok
654 0 6793.4 6821.7 ok
655 0 6794.0 6833.3 ok
656 0 6806.3 6833.4 ok
657 0 6811.1 6847.0 ok
658 0 6821.2 6847.0 ok
659 0 6845.3 6873.3 ok
660 0 6898.8 6927.5 ok
661 0 6898.9 6927.6 ok
662 0 6917.4 6946.5 ok
663 0 6932.0 6960.7 ok
664 0 6935.5 6962.9 ok
665 0 6940.8 6968.2 ok
666 0 6948.6 6975.8 ok
667 0 6975.0 7001.4 ok
668 0 6979.3 7005.6 ok
669 0 7001.2 7028.6 ok
670 0 7016.4 7044.1 ok
671 0 7016.5 7045.1 ok
672 0 7042.2 7068.3 ok
673 0 7042.2 7068.5 ok
674 0 7042.2 7069.5 ok
675 0 7054.7 7083.8 ok
676 0 7054.8 7095.2 ok
677 0 7061.7 7095.3 ok
678 0 7061.7 7095.3 ok
679 0 7066.7 7110.6 ok
680 0 7084.2 7121.0 ok
681 0 7109.8 7136.6 ok
682 0 7109.9 7136.6 ok
683 0 7109.9 7136.7 ok
684 0 7127.5 7154.9 ok
685 0 7127.5 7162.6 ok
686 0 7131.5 7162.7 ok
687 0 7132.0 7162.7 ok
688 0 7133.1 7180.8 ok
689 0 7133.3 7189.6 ok
690 0 7145.2 7189.6 ok
691 0 7157.5 7189.6 ok
692 0 7170.2 7206.2 ok
693 0 7189.0 7214.8 ok
694 0 7200.1 7227.7 ok
695 0 7203.8 7229.8 ok
696 0 7213.9 7241.4 ok
697 0 7249.7 7277.2 ok
698 0 7260.3 7287.7 ok
699 0 7261.2 7287.8 ok
700 0 7261.7 7287.8 ok
701 0 7289.3 7314.9 ok
702 0 7298.9 7325.0 ok
703 0 7303.1 7328.6 ok
704 0 7313.6 7339.2 ok
705 0 7321.0 7348.1 ok
706 0 7327.7 7354.5 ok
707 0 7327.9 7354.5 ok
708 0 7333.0 7364.6 ok
709 0 7338.5 7374.7 ok
710 0 7339.8 7379.7 ok
711 0 7362.5 7390.3 ok
712 0 7366.8 7392.8 ok
713 0 7377.9 7405.5 ok
714 0 7390.0 7417.6 ok
715 0 7405.3 7432.5 ok
716 0 7417.5 7444.9 ok
717 0 7432.2 7459.6 ok
718 0 7433.1 7459.7 ok
719 0 7472.5 7499.7 ok
720 0 7472.5 7499.7 ok
721 0 7499.3 7526.4 ok
722 0 7518.5 7545.3 ok
723 0 7537.6 7563.9 ok
724 0 7537.6 7564.0 ok
725 0 7537.6 7564.0 ok
726 0 7554.6 7586.2 ok
727 0 7561.6 7589.6 ok
728 0 7565.0 7590.6 ok
729 0 7608.6 7635.7 ok
730 0 7608.7 7635.8 ok
731 0 7616.1 7641.9 ok
732 0 7621.5 7647.4 ok
733 0 7621.8 7663.1 ok
734 0 7628.1 7663.1 ok
735 0 7640.0 7667.9 ok
736 0 7662.6 7688.3 ok
737 0 7662.6 7688.4 ok
738 0 7668.3 7694.0 ok
739 0 7669.4 7695.0 ok
740 0 7687.3 7714.2 ok
741 0 7687.3 7714.2 ok
742 0 7687.3 7720.5 ok
743 0 7692.1 7720.5 ok
744 0 7706.6 7741.4 ok
745 0 7708.7 7741.4 ok
746 0 7710.0 7746.4 ok
747 0 7726.8 7753.8 ok
748 0 7742.1 7767.7 ok
749 0 7763.3 7789.6 ok
750 0 7765.3 7790.9 ok
751 0 7771.3 7803.0 ok
752 0 7773.8 7803.0 ok
753 0 7783.4 7815.7 ok
754 0 7785.9 7816.0 ok
755 0 7789.7 7827.1 ok
756 0 7805.4 7831.9 ok
757 0 7837.4 7863.8 ok
758 0 7846.9 7874.5 ok
759 0 7846.9 7874.5 ok
760 0 7858.8 7886.3 ok
761 0 7863.6 7889.8 ok
762 0 7908.9 7936.6 ok
763 0 7919.9 7947.3 ok
764 0 7937.9 7964.4 ok
765 0 7950.3 7977.8 ok
766 0 7959.2 7985.7 ok
767 0 7980.7 8007.0 ok
768 0 8000.0 8026.0 ok
769 0 8001.6 8027.3 ok
770 0 8003.4 8029.5 ok
771 0 8007.9 8034.2 ok
772 0 8016.8 8051.7 ok
773 0 8016.9 8052.5 ok
774 0 8021.1 8054.8 ok
775 0 8029.2 8059.8 ok
776 0 8029.4 8077.8 ok
777 0 8048.2 8077.9 ok
778 0 8056.8 8083.4 ok
779 0 8060.6 8086.8 ok
780 0 8064.8 8103.1 ok
781 0 8069.6 8103.1 ok
782 0 8072.5 8109.6 ok
783 0 8086.6 8112.2 ok
784 0 8094.6 8129.2 ok
785 0 8102.0 8129.2 ok
786 0 8102.3 8135.7 ok
787 0 8128.7 8156.5 ok
788 0 8130.8 8156.5 ok
789 0 8135.4 8162.0 ok
790 0 8135.4 8162.1 ok
791 0 8174.8 8201.9 ok
792 0 8181.8 8208.7 ok
793 0 8206.4 8233.9 ok
794 0 8233.4 8261.1 ok
795 0 8267.3 8294.6 ok
796 0 8285.3 8311.6 ok
797 0 8311.3 8337.2 ok
798 0 8336.8 8362.8 ok
799 0 8352.9 8380.6 ok
800 0 8352.9 8380.6 ok
801 0 8360.1 8386.7 ok
802 0 8369.7 8402.9 ok
803 0 8419.3 8447.1 ok
804 0 8434.6 8460.8 ok
805 0 8446.8 8474.4 ok
806 0 8460.6 8488.2 ok
807 0 8463.5 8489.1 ok
808 0 8492.1 8518.3 ok
809 0 8503.8 8529.7 ok
810 0 8507.7 8534.1 ok
811 0 8514.5 8540.3 ok
812 0 8552.7 8578.4 ok
814 0 8561.6 8588.1 ok
813 0 8561.6 8588.1 ok
815 0 8563.5 8589.2 ok
816 0 8576.9 8605.6 ok
817 0 8583.7 8614.0 ok
818 0 8607.2 8633.6 ok
819 0 8609.3 8635.1 ok
820 0 8614.2 8640.2 ok
821 0 8629.3 8655.7 ok
822 0 8629.3 8659.5 ok
823 0 8629.3 8660.5 ok
824 0 8637.0 8665.5 ok
825 0 8640.1 8681.1 ok
826 0 8641.0 8684.9 ok
827 0 8644.6 8685.5 ok
828 0 8655.4 8691.8 ok
829 0 8661.7 8706.9 ok
830 0 8662.3 8710.7 ok
831 0 8663.1 8710.8 ok
832 0 8682.2 8717.3 ok
833 0 8692.4 8732.3 ok
834 0 8694.6 8736.8 ok
835 0 8714.8 8740.9 ok
836 0 8714.8 8742.7 ok
837 0 8719.1 8758.2 ok
838 0 8737.8 8764.6 ok
839 0 8750.4 8777.8 ok
840 0 8754.0 8779.9 ok
841 0 8777.6 8805.2 ok
842 0 8785.8 8812.9 ok
843 0 8805.0 8830.6 ok
844 0 8829.1 8855.1 ok
845 0 8833.1 8859.5 ok
846 0 8849.1 8877.1 ok
847 0 8852.2 8878.0 ok
848 0 8881.4 8909.0 ok
849 0 8897.3 8924.0 ok
850 0 8909.8 8936.2 ok
851 0 8927.0 8954.6 ok
852 0 8991.4 9018.6 ok
853 0 8992.5 9018.6 ok
854 0 8995.1 9020.9 ok
855 0 9010.4 9037.0 ok
856 0 9023.6 9050.5 ok
857 0 9030.6 9057.6 ok
858 0 9037.0 9064.1 ok
859 0 9043.3 9070.0 ok
860 0 9063.9 9090.1 ok
861 0 9081.5 9109.0 ok
862 0 9089.9 9115.3 ok
863 0 9089.9 9115.4 ok
864 0 9108.9 9134.4 ok
865 0 9115.0 9141.4 ok
866 0 9116.0 9141.5 ok
867 0 9120.3 9146.7 ok
868 0 9133.2 9160.5 ok
869 0 9133.2 9167.9 ok
870 0 9133.3 9168.0 ok
871 0 9136.6 9172.2 ok
872 0 9160.0 9187.8 ok
873 0 9172.0 9199.7 ok
874 0 9209.0 9234.7 ok
875 0 9216.3 9242.0 ok
876 0 9225.1 9251.1 ok
877 0 9232.9 9260.2 ok
878 0 9239.9 9265.4 ok
879 0 9247.8 9274.9 ok
880 0 9264.6 9292.2 ok
881 0 9295.0 9321.7 ok
882 0 9300.6 9326.4 ok
883 0 9311.9 9340.6 ok
884 0 9313.5 9340.7 ok
885 0 9317.2 9347.7 ok
886 0 9324.6 9352.6 ok
887 0 9334.0 9366.8 ok
888 0 9341.0 9367.6 ok
889 0 9380.4 9408.9 ok
890 0 9380.4 9409.0 ok
891 0 9392.2 9420.0 ok
892 0 9444.3 9469.8 ok
893 0 9457.6 9489.0 ok
894 0 9465.5 9491.5 ok
895 0 9469.3 9495.6 ok
896 0 9474.6 9501.2 ok
897 0 9501.2 9526.9 ok
898 0 9525.9 9553.5 ok
899 0 9536.8 9563.5 ok
900 0 9558.9 9586.2 ok
901 0 9585.8 9612.1 ok
902 0 9604.5 9630.8 ok
903 0 9607.9 9633.8 ok
904 0 9613.8 9639.8 ok
905 0 9630.6 9656.2 ok
906 0 9634.1 9659.5 ok
907 0 9649.9 9676.3 ok
908 0 9655.7 9681.7 ok
909 0 9659.2 9685.3 ok
910 0 9665.9 9693.0 ok
911 0 9666.0 9701.5 ok
912 0 9671.3 9708.1 ok
913 0 9676.2 9710.6 ok
914 0 9676.2 9718.7 ok
915 0 9678.0 9728.3 ok
916 0 9681.4 9734.3 ok
917 0 9701.4 9735.9 ok
918 0 9709.4 9745.0 ok
919 0 9713.0 9755.3 ok
920 0 9775.5 9801.4 ok
921 0 9776.5 9802.0 ok
922 0 9785.3 9810.9 ok
923 0 9799.1 9826.7 ok
924 0 9810.5 9837.5 ok
925 0 9815.3 9841.1 ok
926 0 9830.2 9856.9 ok
927 0 9837.4 9864.2 ok
928 0 9850.6 9877.9 ok
929 0 9856.7 9883.1 ok
930 0 9893.1 9920.8 ok
932 0 9905.7 9933.3 ok
931 0 9905.7 9933.3 ok
933 0 9906.0 9933.4 ok
934 0 9941.6 9971.6 ok
935 0 9942.7 9971.7 ok
936 0 9942.9 9971.7 ok
937 0 9946.4 9972.1 ok
938 0 9952.6 10000.5 ok
939 0 9987.0 10020.4 ok
940 0 9992.9 10020.4 ok
941 0 10000.7 10027.7 ok
942 0 10020.1 10046.0 ok
943 0 10020.1 10046.0 ok
944 0 10029.3 10057.0 ok
945 0 10085.8 10113.2 ok
946 0 10093.1 10119.8 ok
947 0 10100.8 10128.0 ok
948 0 10104.2 10130.1 ok
949 0 10132.9 10160.8 ok
950 0 10168.2 10196.0 ok
951 0 10168.9 10196.1 ok
952 0 10178.8 10205.0 ok
953 0 10183.2 10208.9 ok
954 0 10195.5 10223.4 ok
955 0 10195.5 10223.4 ok
956 0 10198.2 10230.8 ok
957 0 10201.7 10234.0 ok
958 0 10208.2 10249.2 ok
959 0 10223.4 10249.2 ok
960 0 10244.9 10272.0 ok
961 0 10260.4 10287.2 ok
963 0 10271.7 10297.7 ok
962 0 10271.7 10297.7 ok
964 0 10276.3 10303.0 ok
965 0 10286.9 10313.2 ok
966 0 10290.7 10323.1 ok
967 0 10297.3 10323.3 ok
968 0 10321.2 10347.1 ok
969 0 10322.4 10348.7 ok
971 0 10343.2 10369.6 ok
970 0 10343.2 10369.6 ok
972 0 10347.1 10372.6 ok
973 0 10370.9 10398.7 ok
974 0 10372.9 10398.8 ok
975 0 10381.0 10407.0 ok
976 0 10386.8 10413.4 ok
977 0 10407.7 10435.4 ok
978 0 10458.0 10485.5 ok
979 0 10459.6 10485.5 ok
980 0 10466.2 10492.2 ok
981 0 10489.5 10515.7 ok
982 0 10497.2 10524.3 ok
983 0 10499.2 10524.7 ok
984 0 10515.2 10542.9 ok
985 0 10517.6 10543.1 ok
986 0 10524.1 10550.1 ok
987 0 10524.1 10550.1 ok
988 0 10571.2 10598.8 ok
989 0 10580.6 10606.4 ok
990 0 10606.2 10633.8 ok
991 0 10640.8 10668.5 ok
992 0 10644.2 10670.0 ok
993 0 10653.1 10680.3 ok
994 0 10657.5 10683.6 ok
995 0 10671.7 10697.4 ok
996 0 10691.5 10717.6 ok
997 0 10692.7 10718.3 ok
998 0 10696.4 10722.7 ok
999 0 10710.0 10735.9 ok
1000 0 10713.9 10742.9 ok
1001 0 10714.8 10743.5 ok
1002 0 10717.2 10748.9 ok
1003 0 10725.6 10762.9 ok
1004 0 10735.7 10767.9 ok
1005 0 10767.3 10793.0 ok
1006 0 10775.5 10802.8 ok
1007 0 10785.3 10811.2 ok
1008 0 10785.3 10811.2 ok
1009 0 10791.5 10818.3 ok
1010 0 10793.7 10828.1 ok
1011 0 10805.6 10837.2 ok
1012 0 10809.3 10837.2 ok
1013 0 10811.1 10844.6 ok
1014 0 10816.7 10854.7 ok
1016 0 10826.8 10862.7 ok
1015 0 10823.0 10862.7 ok
1017 0 10836.1 10871.7 ok
1018 0 10837.4 10880.0 ok
1019 0 10859.9 10888.7 ok
1020 0 10871.4 10897.0 ok
1022 0 10879.1 10907.8 ok
1021 0 10879.0 10907.8 ok
1023 0 10883.4 10914.5 ok
1024 0 10895.8 10923.1 ok
1025 0 10906.6 10935.1 ok
1026 0 10922.8 10948.6 ok
1027 0 10945.7 10974.2 ok
1028 0 10947.8 10974.3 ok
1029 0 10954.6 10981.1 ok
1030 0 10959.1 10985.9 ok
1031 0 10959.7 10999.5 ok
1032 0 10963.8 10999.6 ok
1033 0 10964.1 11009.1 ok
1034 0 10965.2 11011.1 ok
1035 0 10973.5 11025.5 ok
1036 0 10985.6 11025.6 ok
1037 0 10995.3 11033.4 ok
1038 0 11006.4 11037.2 ok
1039 0 11008.7 11051.6 ok
1040 0 11009.6 11051.7 ok
1041 0 11019.6 11060.7 ok
1042 0 11040.1 11067.1 ok
1043 0 11046.2 11076.3 ok
1044 0 11046.3 11076.4 ok
1045 0 11046.3 11086.3 ok
1046 0 11049.0 11093.6 ok
1047 0 11060.2 11103.4 ok
1048 0 11060.2 11103.4 ok
1049 0 11062.1 11113.4 ok
1050 0 11074.8 11119.4 ok
1051 0 11115.7 11141.5 ok
1052 0 11119.4 11145.5 ok
1053 0 11130.7 11158.5 ok
1054 0 11137.1 11163.4 ok
1055 0 11137.2 11167.5 ok
1056 0 11140.8 11173.3 ok
1057 0 11141.6 11185.7 ok
1058 0 11145.2 11189.2 ok
1059 0 11159.3 11193.6 ok
1060 0 11172.0 11199.3 ok
1061 0 11172.0 11212.8 ok
1062 0 11172.1 11214.9 ok
1063 0 11185.2 11219.4 ok
1064 0 11185.9 11226.0 ok
1065 0 11189.9 11238.5 ok
1066 0 11193.1 11241.2 ok
1067 0 11193.7 11245.7 ok
1068 0 11193.8 11253.6 ok
1069 0 11195.4 11267.0 ok
1070 0 11200.7 11267.9 ok
1071 0 11228.0 11271.1 ok
1072 0 11237.7 11279.2 ok
1073 0 11240.5 11292.1 ok
1074 0 11252.5 11292.2 ok
1075 0 11255.3 11296.9 ok
1076 0 11264.1 11305.4 ok
1077 0 11267.2 11318.7 ok
1078 0 11296.6 11323.2 ok
1079 0 11300.8 11327.7 ok
1080 0 11318.0 11346.8 ok
1081 0 11327.3 11356.5 ok
1082 0 11346.2 11374.4 ok
1083 0 11355.4 11382.1 ok
1084 0 11375.0 11403.1 ok
1085 0 11380.7 11408.2 ok
1086 0 11393.2 11419.7 ok
1087 0 11402.2 11429.2 ok
1088 0 11408.7 11435.8 ok
1089 0 11418.5 11447.4 ok
1090 0 11426.7 11456.0 ok
1091 0 11429.7 11456.6 ok
1092 0 11454.5 11481.5 ok
1093 0 11463.1 11489.7 ok
1094 0 11471.9 11498.4 ok
1095 0 11471.9 11498.4 ok
1096 0 11479.7 11507.3 ok
1097 0 11480.0 11516.6 ok
1098 0 11482.7 11523.8 ok
1099 0 11489.5 11523.9 ok
1100 0 11497.6 11533.1 ok
1101 0 11499.0 11541.7 ok
1102 0 11502.8 11549.4 ok
1103 0 11510.2 11549.4 ok
1104 0 11516.3 11558.9 ok
1105 0 11522.4 11567.0 ok
1106 0 11522.5 11574.4 ok
1107 0 11528.6 11574.4 ok
1108 0 11538.9 11585.9 ok
1109 0 11546.6 11593.9 ok
1110 0 11553.5 11600.2 ok
1111 0 11573.2 11600.3 ok
1112 0 11585.0 11614.5 ok
1113 0 11597.1 11624.6 ok
1114 0 11597.2 11625.4 ok
1115 0 11600.5 11626.6 ok
1116 0 11613.4 11642.0 ok
1117 0 11613.5 11651.0 ok
1118 0 11639.8 11667.8 ok
1119 0 11639.9 11667.9 ok
1121 0 11663.6 11691.4 ok
1120 0 11661.7 11691.5 ok
1122 0 11682.5 11709.4 ok
1123 0 11702.1 11730.1 ok
1124 0 11704.9 11731.7 ok
1125 0 11728.6 11756.2 ok
1126 0 11728.7 11756.3 ok
1127 0 11748.8 11775.7 ok
1128 0 11752.6 11779.3 ok
1129 0 11758.0 11784.5 ok
1130 0 11759.0 11785.1 ok
1131 0 11769.7 11801.6 ok
1132 0 11771.4 11806.2 ok
1133 0 11783.0 11809.5 ok
1134 0 11800.5 11830.1 ok
1135 0 11807.8 11834.7 ok
1136 0 11807.8 11834.8 ok
1137 0 11838.8 11865.6 ok
1138 0 11865.3 11891.4 ok
1139 0 11875.5 11903.1 ok
1140 0 11878.9 11904.6 ok
1141 0 11888.5 11915.7 ok
1142 0 11908.8 11934.4 ok
1143 0 11915.4 11941.1 ok
1144 0 11929.3 11957.0 ok
1145 0 11939.3 11965.1 ok
1146 0 11944.5 11970.9 ok
1147 0 11971.0 11997.1 ok
1148 0 11977.5 12004.4 ok
1149 0 11987.3 12014.2 ok
1150 0 11987.4 12014.2 ok
1151 0 11993.6 12022.5 ok
1152 0 11993.6 12030.8 ok
1153 0 12005.1 12041.4 ok
1154 0 12005.1 12041.4 ok
1155 0 12005.4 12049.1 ok
1156 0 12006.8 12057.6 ok
1157 0 12008.3 12066.6 ok
1158 0 12015.4 12066.7 ok
1159 0 12020.6 12075.8 ok
1160 0 12022.9 12083.0 ok
1161 0 12065.4 12092.1 ok
1162 0 12089.1 12116.8 ok
1163 0 12100.0 12125.8 ok
1164 0 12116.6 12143.8 ok
1165 0 12132.0 12158.3 ok
1166 0 12135.2 12161.4 ok
1167 0 12152.3 12180.0 ok
1168 0 12154.3 12180.0 ok
1169 0 12162.3 12188.9 ok
1170 0 12167.0 12193.5 ok
1171 0 12168.6 12207.1 ok
1172 0 12183.3 12208.8 ok
1173 0 12208.3 12235.4 ok
1174 0 12212.6 12238.1 ok
1175 0 12235.1 12262.6 ok
1176 0 12237.8 12263.4 ok
1177 0 12250.0 12277.3 ok
1178 0 12303.3 12329.8 ok
1179 0 12319.6 12347.2 ok
1180 0 12319.6 12347.3 ok
1181 0 12324.8 12350.2 ok
1182 0 12329.4 12356.3 ok
1183 0 12332.5 12373.1 ok
1184 0 12349.3 12375.5 ok
1185 0 12355.9 12382.5 ok
1186 0 12368.8 12396.6 ok
1187 0 12377.2 12408.4 ok
1188 0 12384.6 12411.1 ok
1189 0 12385.1 12411.1 ok
1190 0 12396.4 12422.4 ok
1192 0 12420.1 12446.5 ok
1191 0 12419.9 12446.6 ok
1193 0 12432.3 12458.2 ok
1194 0 12438.1 12464.0 ok
1195 0 12441.3 12471.8 ok
1196 0 12455.3 12482.9 ok
1198 0 12492.5 12519.1 ok
1197 0 12492.4 12519.1 ok
1199 0 12513.9 12539.6 ok
1200 0 12518.9 12545.6 ok
1201 0 12538.3 12565.1 ok
1202 0 12538.3 12565.1 ok
1203 0 12552.1 12579.3 ok
1204 0 12552.1 12579.3 ok
1205 0 12556.8 12592.4 ok
1206 0 12592.2 12619.5 ok
1207 0 12603.9 12631.1 ok
1208 0 12619.1 12646.3 ok
1209 0 12624.1 12650.3 ok
1210 0 12630.9 12657.7 ok
1211 0 12637.6 12664.6 ok
1212 0 12651.4 12677.2 ok
1213 0 12664.4 12690.6 ok
1214 0 12666.5 12692.3 ok
1215 0 12673.3 12700.6 ok
1216 0 12680.4 12707.2 ok
1217 0 12690.2 12716.6 ok
1218 0 12716.2 12741.8 ok
1219 0 12734.6 12760.3 ok
1220 0 12734.6 12760.3 ok
1221 0 12740.2 12767.0 ok
1222 0 12740.3 12767.0 ok
1223 0 12740.5 12787.2 ok
1224 0 12741.4 12787.3 ok
1225 0 12743.6 12792.5 ok
1226 0 12759.9 12792.5 ok
1227 0 12769.3 12814.3 ok
1228 0 12786.9 12814.4 ok
1229 0 12788.4 12818.1 ok
1230 0 12789.9 12818.1 ok
1231 0 12827.6 12855.0 ok
1232 0 12844.9 12872.8 ok
1233 0 12872.6 12900.2 ok
1234 0 12872.8 12900.3 ok
1235 0 12879.0 12905.0 ok
1236 0 12888.8 12915.0 ok
1237 0 12901.3 12928.1 ok
1238 0 12927.6 12955.5 ok
1239 0 12934.5 12961.1 ok
1240 0 12939.0 12965.5 ok
1241 0 12939.0 12965.5 ok
1242 0 12955.3 12981.7 ok
1243 0 12996.8 13022.7 ok
1244 0 13020.6 13047.4 ok
1245 0 13030.6 13057.1 ok
1246 0 13034.3 13060.5 ok
1247 0 13036.8 13062.7 ok
1248 0 13052.2 13080.1 ok
1249 0 13078.9 13107.3 ok
1250 0 13111.8 13137.4 ok
1251 0 13113.0 13138.7 ok
1252 0 13123.7 13151.4 ok
1253 0 13130.1 13156.7 ok
1254 0 13135.5 13163.9 ok
1255 0 13151.2 13178.8 ok
1256 0 13178.7 13205.0 ok
1257 0 13192.6 13218.4 ok
1258 0 13204.7 13230.4 ok
1259 0 13216.4 13243.3 ok
1260 0 13226.6 13252.9 ok
1261 0 13233.2 13260.1 ok
1262 0 13236.0 13261.7 ok
1263 0 13252.5 13278.2 ok
1264 0 13252.5 13278.3 ok
1265 0 13262.3 13287.8 ok
1266 0 13268.3 13293.7 ok
1267 0 13277.1 13305.3 ok
1268 0 13287.4 13314.0 ok
1269 0 13293.2 13319.7 ok
1271 0 13333.2 13360.0 ok
1272 0 13333.2 13360.0 ok
1270 0 13332.4 13360.0 ok
1273 0 13365.3 13391.5 ok
1274 0 13368.6 13394.7 ok
1275 0 13371.8 13397.9 ok
1276 0 13377.7 13404.5 ok
1277 0 13387.6 13418.6 ok
1278 0 13430.5 13456.5 ok
1279 0 13442.8 13468.6 ok
1280 0 13444.9 13470.9 ok
1281 0 13453.0 13478.9 ok
1282 0 13458.5 13484.1 ok
1283 0 13466.8 13495.8 ok
1284 0 13470.7 13496.2 ok
1285 0 13472.8 13505.2 ok
1286 0 13478.5 13511.6 ok
1287 0 13483.2 13521.7 ok
1288 0 13484.6 13521.8 ok
1289 0 13502.0 13531.6 ok
1290 0 13511.0 13537.2 ok
1291 0 13511.1 13547.4 ok
1292 0 13517.1 13547.5 ok
1293 0 13535.4 13561.6 ok
1294 0 13550.4 13576.4 ok
1295 0 13560.8 13586.8 ok
1296 0 13574.7 13600.6 ok
1297 0 13576.8 13602.4 ok
1298 0 13578.6 13604.1 ok
1299 0 13581.8 13614.0 ok
1300 0 13586.4 13627.1 ok
1301 0 13589.3 13627.6 ok
1302 0 13596.6 13629.7 ok
1303 0 13596.8 13639.6 ok
1304 0 13598.4 13654.3 ok
1305 0 13601.1 13654.4 ok
1306 0 13603.4 13654.8 ok
1307 0 13620.4 13666.5 ok
1308 0 13627.2 13679.6 ok
1309 0 13629.5 13679.7 ok
1310 0 13636.3 13679.9 ok
1311 0 13655.6 13691.7 ok
1312 0 13666.1 13706.9 ok
1313 0 13672.6 13707.0 ok
1314 0 13678.2 13707.0 ok
1315 0 13679.5 13718.9 ok
1316 0 13691.2 13733.3 ok
1317 0 13691.2 13733.3 ok
1318 0 13706.6 13733.3 ok
1319 0 13706.7 13746.1 ok
1320 0 13719.9 13758.5 ok
1321 0 13725.6 13758.5 ok
1322 0 13736.6 13763.0 ok
1323 0 13745.8 13771.5 ok
1324 0 13746.3 13784.2 ok
1325 0 13756.0 13784.3 ok
1326 0 13756.0 13789.1 ok
1327 0 13757.9 13798.4 ok
1329 0 13766.4 13811.4 ok
1328 0 13762.8 13811.4 ok
1330 0 13777.9 13814.8 ok
1331 0 13821.2 13847.0 ok
1332 0 13825.0 13851.4 ok
1333 0 13844.6 13871.1 ok
1334 0 13845.2 13871.2 ok
1335 0 13859.0 13886.4 ok
1336 0 13862.3 13888.2 ok
1337 0 13870.7 13897.4 ok
1338 0 13870.7 13897.5 ok
1339 0 13888.1 13914.0 ok
1340 0 13890.7 13916.7 ok
1341 0 13897.2 13923.5 ok
1342 0 13900.4 13926.1 ok
1343 0 13916.5 13943.0 ok
1344 0 13925.8 13952.1 ok
1345 0 13937.1 13964.9 ok
1346 0 13950.8 13977.8 ok
1347 0 13952.2 13978.2 ok
1348 0 13952.7 13979.9 ok
1349 0 13971.9 14002.5 ok
1350 0 13974.5 14002.9 ok
1351 0 13992.2 14020.4 ok
1352 0 14022.6 14051.1 ok
1353 0 14034.3 14063.9 ok
1354 0 14034.4 14063.9 ok
1355 0 14052.8 14079.3 ok
1356 0 14063.0 14091.9 ok
1357 0 14069.3 14096.2 ok
1358 0 14069.4 14096.2 ok
1359 0 14075.9 14105.1 ok
1360 0 14076.3 14117.5 ok
1361 0 14100.5 14128.0 ok
1362 0 14113.7 14140.1 ok
1363 0 14129.3 14159.3 ok
1364 0 14135.0 14162.4 ok
1365 0 14159.7 14199.7 ok
1366 0 14161.7 14199.8 ok
1367 0 14196.6 14226.7 ok
1368 0 14196.7 14226.7 ok
1369 0 14196.7 14226.8 ok
1370 0 14196.7 14226.8 ok
1371 0 14196.7 14254.9 ok
1372 0 14196.8 14255.0 ok
1373 0 14200.1 14255.0 ok
1374 0 14207.2 14255.1 ok
1375 0 14217.3 14280.3 ok
1376 0 14218.7 14280.6 ok
1377 0 14229.0 14280.8 ok
1378 0 14241.8 14280.9 ok
1379 0 14267.4 14308.0 ok
1380 0 14273.6 14308.1 ok
1381 0 14292.8 14323.1 ok
1382 0 14326.7 14358.5 ok
1383 0 14342.6 14370.2 ok
1384 0 14346.8 14374.3 ok
1385 0 14349.6 14379.2 ok
1386 0 14353.0 14386.0 ok
1387 0 14368.8 14396.1 ok
1388 0 14369.5 14400.0 ok
1389 0 14378.5 14405.3 ok
1390 0 14384.9 14411.4 ok
1391 0 14384.9 14422.3 ok
1392 0 14386.7 14425.9 ok
1393 0 14404.8 14432.0 ok
1394 0 14411.5 14438.2 ok
1395 0 14437.8 14463.6 ok
1396 0 14461.3 14486.9 ok
1397 0 14462.3 14487.9 ok
1398 0 14474.5 14502.2 ok
1399 0 14474.5 14502.2 ok
1400 0 14480.6 14514.0 ok
1401 0 14486.4 14514.0 ok
1402 0 14517.4 14544.1 ok
1403 0 14527.8 14554.1 ok
1404 0 14528.1 14554.2 ok
1405 0 14536.7 14564.1 ok
1406 0 14543.7 14570.8 ok
1407 0 14544.6 14580.6 ok
1408 0 14550.0 14580.7 ok
1409 0 14570.5 14596.9 ok
1410 0 14610.0 14637.6 ok
1411 0 14626.8 14652.5 ok
1412 0 14626.8 14652.5 ok
1413 0 14651.2 14677.0 ok
1414 0 14656.0 14682.8 ok
1415 0 14675.4 14703.1 ok
1416 0 14675.4 14703.1 ok
1417 0 14676.9 14703.1 ok
1418 0 14702.6 14731.1 ok
1419 0 14704.1 14731.1 ok
1420 0 14704.3 14731.2 ok
1421 0 14713.0 14741.1 ok
1422 0 14759.1 14785.4 ok
1423 0 14778.2 14805.9 ok
1424 0 14781.6 14807.4 ok
1425 0 14832.8 14860.4 ok
1426 0 14849.0 14877.2 ok
1427 0 14866.3 14893.9 ok
1428 0 14877.1 14904.7 ok
1429 0 14881.3 14906.8 ok
1430 0 14904.6 14932.1 ok
1431 0 14911.4 14938.0 ok
1432 0 14937.8 14965.3 ok
1433 0 14947.8 14973.5 ok
1434 0 14971.0 14996.8 ok
1435 0 14977.1 15003.9 ok
1436 0 14983.1 15009.6 ok
1437 0 14992.6 15020.1 ok
1438 0 14995.1 15022.3 ok
1439 0 14996.5 15029.0 ok
1440 0 15005.5 15036.1 ok
1441 0 15024.7 15050.1 ok
1442 0 15028.1 15054.3 ok
1443 0 15049.5 15077.3 ok
1444 0 15065.0 15092.2 ok
1445 0 15078.0 15105.6 ok
1446 0 15084.5 15110.7 ok
1447 0 15152.2 15178.1 ok
1448 0 15167.5 15194.6 ok
1449 0 15176.1 15203.5 ok
1450 0 15176.1 15203.5 ok
1451 0 15185.7 15212.3 ok
1452 0 15185.7 15220.2 ok
1453 0 15208.5 15237.4 ok
1454 0 15212.1 15237.9 ok
1455 0 15217.5 15245.6 ok
1456 0 15224.6 15255.5 ok
1457 0 15236.6 15263.1 ok
1458 0 15243.9 15272.5 ok
1459 0 15254.2 15281.9 ok
1460 0 15261.9 15288.7 ok
1461 0 15280.8 15308.2 ok
1462 0 15285.2 15311.3 ok
1463 0 15292.2 15319.0 ok
1464 0 15308.2 15337.5 ok
1465 0 15308.2 15337.6 ok
1466 0 15310.2 15338.0 ok
1467 0 15314.4 15344.4 ok
1468 0 15316.6 15364.3 ok
1469 0 15339.0 15365.3 ok
1470 0 15342.5 15369.5 ok
1471 0 15342.5 15369.7 ok
1472 0 15345.7 15392.4 ok
1473 0 15354.4 15392.6 ok
1474 0 15369.9 15397.2 ok
1475 0 15426.6 15455.5 ok
1476 0 15446.6 15474.3 ok
1477 0 15453.7 15482.8 ok
1478 0 15453.7 15482.8 ok
1479 0 15453.8 15482.9 ok
1480 0 15465.8 15504.8 ok
1481 0 15482.4 15509.1 ok
1482 0 15484.0 15510.1 ok
1483 0 15520.7 15547.7 ok
1484 0 15528.0 15554.8 ok
1485 0 15536.9 15564.6 ok
1486 0 15546.7 15575.1 ok
1487 0 15546.7 15575.2 ok
1488 0 15547.5 15580.4 ok
1489 0 15575.1 15603.8 ok
1490 0 15578.9 15605.4 ok
1491 0 15579.3 15605.6 ok
1492 0 15582.8 15610.8 ok
1493 0 15597.5 15629.1 ok
1494 0 15599.0 15630.8 ok
1495 0 15602.4 15630.9 ok
1496 0 15603.9 15636.8 ok
1497 0 15610.6 15655.2 ok
1498 0 15624.9 15656.8 ok
1499 0 15627.9 15656.8 ok
1500 0 15650.3 15681.3 ok
1501 0 15686.3 15712.3 ok
1502 0 15704.7 15732.5 ok
1503 0 15704.7 15732.7 ok
1504 0 15707.6 15733.7 ok
1505 0 15733.2 15760.5 ok
1506 0 15754.9 15781.0 ok
1507 0 15754.9 15781.1 ok
1508 0 15760.2 15787.7 ok
1509 0 15765.6 15793.2 ok
1510 0 15780.3 15809.3 ok
1511 0 15780.4 15809.4 ok
1512 0 15782.7 15815.5 ok
1513 0 15797.7 15825.3 ok
1514 0 15818.7 15845.0 ok
1515 0 15818.7 15845.0 ok
1516 0 15827.8 15853.5 ok
1517 0 15841.5 15869.3 ok
1518 0 15860.2 15891.0 ok
1519 0 15865.3 15891.8 ok
1520 0 15902.8 15931.9 ok
1521 0 15902.9 15932.1 ok
1522 0 15904.4 15932.4 ok
1523 0 15905.5 15932.6 ok
1524 0 15914.9 15957.8 ok
1525 0 15915.7 15958.1 ok
1526 0 15919.3 15958.4 ok
1527 0 15921.1 15958.5 ok
1528 0 15921.7 15984.8 ok
1529 0 15955.3 15984.9 ok
1530 0 15958.4 15985.0 ok
1531 0 15994.4 16021.9 ok
1532 0 16006.2 16035.9 ok
1533 0 16008.4 16036.0 ok
1534 0 16035.7 16063.3 ok
1535 0 16035.7 16063.3 ok
1536 0 16075.8 16102.0 ok
1537 0 16075.9 16102.0 ok
1538 0 16077.3 16102.7 ok
1539 0 16087.0 16114.6 ok
1541 0 16101.6 16127.3 ok
1540 0 16087.0 16127.4 ok
1542 0 16101.6 16127.9 ok
1543 0 16118.3 16144.0 ok
1544 0 16118.3 16153.3 ok
1545 0 16127.1 16153.3 ok
1546 0 16127.8 16153.3 ok
1547 0 16137.3 16170.6 ok
1548 0 16138.0 16178.4 ok
1549 0 16143.6 16178.5 ok
1550 0 16148.4 16178.5 ok
1551 0 16159.3 16197.7 ok
1553 0 16162.7 16205.2 ok
1554 0 16174.6 16205.3 ok
1552 0 16160.4 16205.3 ok
1555 0 16178.0 16223.8 ok
1556 0 16205.0 16230.9 ok
1557 0 16211.0 16237.8 ok
1558 0 16217.1 16243.4 ok
1559 0 16217.1 16250.3 ok
1560 0 16217.1 16257.5 ok
1561 0 16218.0 16264.3 ok
1562 0 16228.7 16269.7 ok
1563 0 16238.8 16276.5 ok
1564 0 16269.6 16295.8 ok
1565 0 16276.0 16302.5 ok
1566 0 16289.1 16315.2 ok
1567 0 16291.3 16317.0 ok
1568 0 16292.1 16321.2 ok
1569 0 16297.8 16327.8 ok
1570 0 16311.3 16342.3 ok
1571 0 16326.0 16353.3 ok
1572 0 16356.9 16382.9 ok
1573 0 16376.1 16402.3 ok
1574 0 16382.7 16409.0 ok
1575 0 16392.2 16417.6 ok
1576 0 16398.5 16425.2 ok
1577 0 16404.1 16430.7 ok
1578 0 16416.7 16444.4 ok
1579 0 16425.1 16450.6 ok
1580 0 16444.2 16471.7 ok
1581 0 16450.4 16476.2 ok
1582 0 16456.0 16482.8 ok
1583 0 16473.8 16504.5 ok
1584 0 16485.1 16531.8 ok
1585 0 16493.9 16532.3 ok
1586 0 16503.0 16533.0 ok
1587 0 16526.6 16563.3 ok
1588 0 16526.7 16563.7 ok
1589 0 16531.9 16563.7 ok
1590 0 16533.8 16564.2 ok
1591 0 16544.0 16588.9 ok
1592 0 16544.0 16588.9 ok
1593 0 16549.8 16589.0 ok
1594 0 16572.7 16599.8 ok
1595 0 16573.8 16615.9 ok
1596 0 16580.9 16616.0 ok
1597 0 16592.1 16618.0 ok
1598 0 16617.8 16643.6 ok
1599 0 16631.4 16657.3 ok
1600 0 16641.1 16666.6 ok
1601 0 16644.1 16670.1 ok
1602 0 16651.2 16678.3 ok
1603 0 16660.7 16687.5 ok
1604 0 16665.3 16692.7 ok
1606 0 16680.2 16708.2 ok
1605 0 16680.2 16708.3 ok
1607 0 16694.1 16720.4 ok
1608 0 16707.9 16733.8 ok
1609 0 16711.8 16738.4 ok
1610 0 16711.8 16738.5 ok
1611 0 16716.1 16747.0 ok
1612 0 16725.1 16761.0 ok
1613 0 16740.0 16765.5 ok
1614 0 16760.8 16788.5 ok
1615 0 16762.8 16788.6 ok
1616 0 16763.4 16788.9 ok
1617 0 16764.8 16790.7 ok
1618 0 16811.8 16837.7 ok
1619 0 16822.1 16849.6 ok
1620 0 16822.1 16849.6 ok
1621 0 16835.2 16862.7 ok
1622 0 16865.5 16894.7 ok
1623 0 16876.6 16904.7 ok
1624 0 16877.3 16904.8 ok
1625 0 16911.4 16938.0 ok
1626 0 16924.3 16951.1 ok
1627 0 16924.4 16951.1 ok
1628 0 16939.0 16966.9 ok
1629 0 16948.1 16977.6 ok
1630 0 16954.8 16982.9 ok
1631 0 16959.9 16989.0 ok
1632 0 16962.5 16993.3 ok
1633 0 16970.4 17002.5 ok
1634 0 16976.9 17007.4 ok
1635 0 16981.9 17015.6 ok
1637 0 17002.4 17029.7 ok
1636 0 17001.7 17029.7 ok
1638 0 17004.9 17033.2 ok
1639 0 17032.8 17059.6 ok
1640 0 17043.6 17070.2 ok
1641 0 17053.0 17079.7 ok
1642 0 17061.5 17088.7 ok
1643 0 17064.4 17090.1 ok
1644 0 17070.0 17096.9 ok
1645 0 17071.5 17105.4 ok
1646 0 17073.2 17121.9 ok
1647 0 17121.6 17148.5 ok
1648 0 17134.2 17160.8 ok
1649 0 17154.4 17180.7 ok
1650 0 17154.5 17180.8 ok
1651 0 17166.7 17193.0 ok
1652 0 17169.7 17195.7 ok
1653 0 17176.3 17206.9 ok
1654 0 17188.4 17215.7 ok
1655 0 17188.5 17218.6 ok
1656 0 17192.9 17221.4 ok
1657 0 17201.4 17232.5 ok
1658 0 17221.2 17247.2 ok
1659 0 17229.9 17255.5 ok
1660 0 17232.3 17258.2 ok
1661 0 17243.4 17269.9 ok
1662 0 17250.8 17277.7 ok
1663 0 17254.2 17281.2 ok
1664 0 17262.3 17288.5 ok
1665 0 17265.3 17296.8 ok
1666 0 17265.3 17304.5 ok
1667 0 17269.3 17306.8 ok
1668 0 17269.5 17315.4 ok
1669 0 17277.6 17322.7 ok
1670 0 17283.6 17331.0 ok
1671 0 17304.2 17331.8 ok
1672 0 17317.9 17344.0 ok
1673 0 17331.2 17357.6 ok
1674 0 17378.9 17404.4 ok
1675 0 17380.2 17405.7 ok
1676 0 17385.7 17412.3 ok
1677 0 17387.6 17413.0 ok
1678 0 17388.5 17431.0 ok
1679 0 17397.3 17431.0 ok
1681 0 17404.2 17439.1 ok
1680 0 17404.0 17439.1 ok
1682 0 17430.5 17458.0 ok
1683 0 17469.1 17496.8 ok
1684 0 17469.1 17496.8 ok
1685 0 17469.1 17496.9 ok
1686 0 17469.5 17496.9 ok
1687 0 17484.7 17522.4 ok
1688 0 17502.1 17529.1 ok
1689 0 17502.6 17529.2 ok
1690 0 17502.6 17529.2 ok
1691 0 17511.0 17549.5 ok
1692 0 17515.0 17555.4 ok
1693 0 17515.0 17555.4 ok
1694 0 17515.0 17555.5 ok
1695 0 17517.4 17574.8 ok
1696 0 17519.6 17580.6 ok
1697 0 17522.8 17580.7 ok
1698 0 17531.1 17580.7 ok
1699 0 17534.2 17601.2 ok
1700 0 17536.7 17606.9 ok
1701 0 17539.1 17606.9 ok
1702 0 17561.7 17606.9 ok
1703 0 17563.5 17628.2 ok
1704 0 17573.2 17632.9 ok
1705 0 17577.9 17632.9 ok
1706 0 17581.5 17632.9 ok
1707 0 17587.8 17653.4 ok
1710 0 17601.0 17659.3 ok
1708 0 17587.8 17659.3 ok
1709 0 17588.9 17659.3 ok
1711 0 17614.9 17680.8 ok
1712 0 17615.9 17684.9 ok
1713 0 17618.1 17685.0 ok
1714 0 17643.4 17685.0 ok
1715 0 17643.4 17705.7 ok
1716 0 17659.0 17710.2 ok
1717 0 17680.5 17710.2 ok
1718 0 17681.0 17710.2 ok
1719 0 17700.8 17732.4 ok
1721 0 17700.8 17736.2 ok
1720 0 17700.8 17736.2 ok
1722 0 17704.9 17736.3 ok
1723 0 17709.1 17758.4 ok
1724 0 17719.0 17762.1 ok
1725 0 17724.1 17762.2 ok
1726 0 17739.5 17765.9 ok
1727 0 17751.9 17784.5 ok
1728 0 17751.9 17787.7 ok
1729 0 17753.6 17787.7 ok
1730 0 17767.4 17794.3 ok
1731 0 17768.5 17811.7 ok
1732 0 17799.9 17825.6 ok
1733 0 17816.5 17843.0 ok
1734 0 17818.3 17843.9 ok
1735 0 17822.1 17848.8 ok
1736 0 17824.8 17851.1 ok
1738 0 17833.0 17870.3 ok
1737 0 17830.8 17870.3 ok
1739 0 17833.0 17874.5 ok
1740 0 17836.5 17876.5 ok
1741 0 17838.3 17896.0 ok
1742 0 17842.8 17896.0 ok
1743 0 17848.6 17900.5 ok
1744 0 17870.0 17901.9 ok
1745 0 17880.7 17921.4 ok
1746 0 17891.4 17921.5 ok
1747 0 17911.3 17938.8 ok
1748 0 17915.0 17941.0 ok
1749 0 17921.0 17947.9 ok
1750 0 17922.9 17948.4 ok
1751 0 17940.8 17967.2 ok
1752 0 17961.7 17988.1 ok
1753 0 17987.6 18015.3 ok
1754 0 17996.6 18023.8 ok
1755 0 17996.6 18023.9 ok
1756 0 17996.8 18023.9 ok
1757 0 18014.8 18041.4 ok
1758 0 18036.5 18069.3 ok
1759 0 18042.2 18069.4 ok
1760 0 18069.0 18095.0 ok
1761 0 18094.7 18120.4 ok
1762 0 18110.2 18136.3 ok
1763 0 18113.3 18138.7 ok
1764 0 18120.2 18147.4 ok
1765 0 18123.6 18149.5 ok
1766 0 18129.4 18162.6 ok
1767 0 18135.9 18164.1 ok
1768 0 18135.9 18173.6 ok
1769 0 18136.2 18174.8 ok
1770 0 18138.4 18187.7 ok
1771 0 18147.2 18189.5 ok
1772 0 18167.6 18198.9 ok
1773 0 18180.5 18207.6 ok
1774 0 18181.0 18213.0 ok
1775 0 18187.3 18215.0 ok
1776 0 18197.2 18224.0 ok
1777 0 18198.6 18234.7 ok
1778 0 18199.2 18238.8 ok
1779 0 18209.0 18240.3 ok
1780 0 18211.9 18249.4 ok
1781 0 18223.4 18260.6 ok
1782 0 18223.6 18264.6 ok
1783 0 18243.7 18270.2 ok
1784 0 18247.4 18275.6 ok
1785 0 18253.0 18285.9 ok
1786 0 18260.5 18290.6 ok
1787 0 18283.6 18309.3 ok
1788 0 18308.9 18336.0 ok
1789 0 18327.7 18354.4 ok
1790 0 18337.2 18364.1 ok
1791 0 18337.8 18364.2 ok
1792 0 18340.3 18366.1 ok
1793 0 18348.0 18380.7 ok
1794 0 18391.5 18418.8 ok
1795 0 18404.5 18430.7 ok
1796 0 18404.6 18430.8 ok
1797 0 18410.0 18436.9 ok
1798 0 18443.1 18470.5 ok
1799 0 18450.3 18477.1 ok
1800 0 18470.2 18498.5 ok
1801 0 18493.9 18521.2 ok
1802 0 18505.5 18531.1 ok
1803 0 18516.0 18543.6 ok
1804 0 18525.9 18553.4 ok
1805 0 18529.9 18555.9 ok
1806 0 18530.4 18556.2 ok
1807 0 18561.0 18588.7 ok
1808 0 18561.0 18588.7 ok
1809 0 18563.8 18589.5 ok
1810 0 18575.1 18602.8 ok
1811 0 18607.5 18633.2 ok
1812 0 18609.2 18635.0 ok
1813 0 18612.4 18638.6 ok
1814 0 18632.8 18658.7 ok
1815 0 18634.9 18660.8 ok
1816 0 18640.0 18665.4 ok
1817 0 18645.3 18672.4 ok
1818 0 18645.3 18685.8 ok
1819 0 18673.3 18700.0 ok
1820 0 18685.6 18713.1 ok
1821 0 18685.6 18713.2 ok
1822 0 18686.2 18713.2 ok
1823 0 18687.9 18725.6 ok
1824 0 18693.2 18740.2 ok
1825 0 18714.6 18740.2 ok
1826 0 18716.1 18741.7 ok
1827 0 18718.9 18752.8 ok
1829 0 18730.2 18766.0 ok
1828 0 18722.9 18766.0 ok
1830 0 18752.7 18780.3 ok
1831 0 18762.0 18788.2 ok
1832 0 18784.4 18810.2 ok
1833 0 18792.2 18819.5 ok
1834 0 18797.2 18823.0 ok
1835 0 18819.3 18844.9 ok
1836 0 18827.0 18852.6 ok
1837 0 18833.4 18860.2 ok
1838 0 18841.5 18868.9 ok
1839 0 18844.8 18870.4 ok
1840 0 18851.2 18878.7 ok
1841 0 18851.2 18885.6 ok
1842 0 18853.1 18893.7 ok
1843 0 18868.7 18895.8 ok
1844 0 18869.0 18905.6 ok
1845 0 18871.4 18912.0 ok
1846 0 18873.3 18920.5 ok
1847 0 18878.5 18921.0 ok
1848 0 18878.5 18932.1 ok
1849 0 18883.3 18937.5 ok
1850 0 18893.4 18946.6 ok
1851 0 18905.0 18946.6 ok
1852 0 18924.0 18958.9 ok
1853 0 18924.3 18963.1 ok
1854 0 18935.2 18972.1 ok
1855 0 18937.1 18972.1 ok
1856 0 18941.9 18984.6 ok
1857 0 18949.9 18989.0 ok
1858 0 18968.9 18999.1 ok
1859 0 18980.5 19007.9 ok
1860 0 19023.2 19049.5 ok
1861 0 19023.2 19049.6 ok
1862 0 19025.4 19051.9 ok
1863 0 19033.1 19063.5 ok
1864 0 19033.1 19075.6 ok
1865 0 19033.1 19075.7 ok
1866 0 19038.2 19077.1 ok
1867 0 19046.6 19094.6 ok
1868 0 19048.0 19102.6 ok
1869 0 19048.1 19102.6 ok
1870 0 19051.5 19102.7 ok
1871 0 19065.3 19121.3 ok
1872 0 19075.1 19129.2 ok
1873 0 19131.0 19158.7 ok
1874 0 19142.0 19169.1 ok
1875 0 19162.9 19190.2 ok
1876 0 19171.0 19198.5 ok
1877 0 19178.6 19206.3 ok
1878 0 19183.4 19211.3 ok
1879 0 19183.4 19215.2 ok
1880 0 19183.9 19223.7 ok
1881 0 19196.0 19233.2 ok
1882 0 19214.8 19241.3 ok
1883 0 19214.8 19241.3 ok
1884 0 19216.6 19250.3 ok
1885 0 19221.3 19259.2 ok
1886 0 19224.2 19266.6 ok
1887 0 19242.3 19268.5 ok
1888 0 19246.5 19276.2 ok
1889 0 19249.1 19285.9 ok
1890 0 19256.1 19292.1 ok
1891 0 19285.6 19312.4 ok
1892 0 19289.7 19315.8 ok
1893 0 19300.7 19328.3 ok
1894 0 19300.7 19328.4 ok
1895 0 19306.1 19338.1 ok
1896 0 19332.1 19358.9 ok
1897 0 19334.1 19359.6 ok
1898 0 19338.2 19364.6 ok
1899 0 19350.8 19377.3 ok
1900 0 19358.6 19385.8 ok
1901 0 19366.0 19391.5 ok
1902 0 19377.1 19402.9 ok
1903 0 19386.4 19412.8 ok
1904 0 19391.0 19416.4 ok
1905 0 19395.3 19421.3 ok
1906 0 19400.7 19434.8 ok
1907 0 19408.0 19438.1 ok
1908 0 19416.0 19442.3 ok
1909 0 19436.4 19464.0 ok
1910 0 19441.9 19467.8 ok
1911 0 19447.2 19474.0 ok
1912 0 19465.2 19493.2 ok
1914 0 19503.3 19530.2 ok
1913 0 19502.3 19530.2 ok
1915 0 19518.3 19544.2 ok
1916 0 19519.3 19545.0 ok
1918 0 19533.3 19561.0 ok
1917 0 19533.3 19561.0 ok
1919 0 19541.8 19570.2 ok
1920 0 19549.5 19576.2 ok
1921 0 19560.7 19587.4 ok
1922 0 19587.0 19613.2 ok
1923 0 19603.4 19629.5 ok
1924 0 19610.0 19636.1 ok
1925 0 19616.6 19643.6 ok
1926 0 19616.7 19643.7 ok
1927 0 19626.7 19656.0 ok
1928 0 19633.8 19662.0 ok
1929 0 19647.3 19672.9 ok
1930 0 19648.5 19674.0 ok
1931 0 19657.5 19685.3 ok
1932 0 19657.7 19687.5 ok
1933 0 19670.7 19698.6 ok
1934 0 19688.0 19719.1 ok
1935 0 19695.1 19720.8 ok
1936 0 19705.5 19733.3 ok
1937 0 19718.8 19745.1 ok
1938 0 19719.9 19745.4 ok
1939 0 19720.7 19746.3 ok
1940 0 19735.3 19762.9 ok
1941 0 19739.4 19770.6 ok
1942 0 19741.4 19770.8 ok
1943 0 19747.0 19773.0 ok
1944 0 19765.2 19790.9 ok
1945 0 19796.8 19824.4 ok
1946 0 19805.8 19833.0 ok
1947 0 19840.6 19868.3 ok
1948 0 19840.9 19868.3 ok
1949 0 19853.4 19881.4 ok
1950 0 19853.5 19881.4 ok
1951 0 19853.5 19893.7 ok
1952 0 19872.1 19898.7 ok
1953 0 19872.1 19907.9 ok
1954 0 19882.8 19908.3 ok
1955 0 19891.4 19920.9 ok
1956 0 19935.6 19963.4 ok
1958 0 19985.5 20012.2 ok
1957 0 19984.6 20012.2 ok
1959 0 19989.1 20015.0 ok
1960 0 20038.1 20064.1 ok
1961 0 20040.4 20066.6 ok
1962 0 20042.4 20068.2 ok
1963 0 20066.4 20092.4 ok
1964 0 20077.8 20103.8 ok
1965 0 20080.0 20105.6 ok
1966 0 20089.6 20116.6 ok
1967 0 20093.4 20119.6 ok
1968 0 20100.8 20129.1 ok
1969 0 20107.8 20134.2 ok
1970 0 20109.5 20143.6 ok
1971 0 20119.3 20145.1 ok
1972 0 20151.0 20176.8 ok
1973 0 20160.0 20187.0 ok
1974 0 20176.3 20204.0 ok
1975 0 20177.8 20204.1 ok
1976 0 20179.6 20205.3 ok
1977 0 20179.6 20213.8 ok
1979 0 20220.6 20247.3 ok
1978 0 20220.5 20247.3 ok
1980 0 20226.3 20252.2 ok
1981 0 20237.9 20264.1 ok
1982 0 20249.6 20277.1 ok
1983 0 20260.4 20286.6 ok
1984 0 20264.6 20290.6 ok
1985 0 20282.5 20308.0 ok
1986 0 20287.4 20314.0 ok
1987 0 20307.4 20333.0 ok
1988 0 20307.4 20333.1 ok
1989 0 20319.8 20347.3 ok
1990 0 20319.8 20347.5 ok
1991 0 20325.7 20363.2 ok
1992 0 20331.5 20363.2 ok
1993 0 20332.6 20374.8 ok
1994 0 20339.8 20375.0 ok
1995 0 20361.1 20390.5 ok
1996 0 20361.3 20390.7 ok
1997 0 20362.1 20400.8 ok
1998 0 20399.2 20427.0 ok
1999 0 20403.9 20430.9 ok
2000 0 20409.4 20436.6 ok
2001 0 20433.2 20462.2 ok
2002 0 20449.9 20481.1 ok
2003 0 20449.9 20481.2 ok
2004 0 20460.5 20488.4 ok
2005 0 20460.6 20488.4 ok
2006 0 20479.9 20507.6 ok
2007 0 20484.3 20511.2 ok
2008 0 20500.5 20531.7 ok
2009 0 20500.6 20532.2 ok
2010 0 20529.2 20557.8 ok
2011 0 20529.8 20558.5 ok
2012 0 20550.6 20578.4 ok
2013 0 20554.7 20580.6 ok
2014 0 20578.0 20606.8 ok
2015 0 20578.0 20606.9 ok
2016 0 20578.1 20607.0 ok
2017 0 20584.7 20614.2 ok
2018 0 20611.2 20641.1 ok
2019 0 20617.5 20644.1 ok
2020 0 20626.1 20655.2 ok
2021 0 20626.2 20655.3 ok
2022 0 20635.0 20666.3 ok
2023 0 20640.2 20670.0 ok
2024 0 20662.3 20688.4 ok
2025 0 20675.6 20703.3 ok
2026 0 20681.8 20708.4 ok
2027 0 20682.6 20708.4 ok
2028 0 20684.5 20714.8 ok
2029 0 20720.8 20748.7 ok
2030 0 20731.1 20758.0 ok
2031 0 20731.7 20758.0 ok
2032 0 20748.5 20776.1 ok
2033 0 20751.2 20776.6 ok
2034 0 20757.9 20783.5 ok
2035 0 20778.0 20803.6 ok
2036 0 20779.0 20804.7 ok
2037 0 20780.1 20805.7 ok
2038 0 20780.5 20808.7 ok
2039 0 20782.5 20829.9 ok
2040 0 20787.6 20830.0 ok
2041 0 20791.3 20831.0 ok
2042 0 20794.5 20834.0 ok
2043 0 20794.5 20855.5 ok
2044 0 20802.3 20855.5 ok
2045 0 20806.9 20856.2 ok
2046 0 20822.1 20859.7 ok
2047 0 20824.1 20880.5 ok
2048 0 20832.8 20880.6 ok
2049 0 20836.7 20881.3 ok
2050 0 20852.2 20884.9 ok
2052 0 20859.5 20908.0 ok
2051 0 20852.2 20908.0 ok
2053 0 20865.0 20908.1 ok
2054 0 20872.3 20910.4 ok
2055 0 20880.1 20937.0 ok
2056 0 20886.6 20937.0 ok
2057 0 20890.9 20937.0 ok
2058 0 20907.7 20937.0 ok
2059 0 20937.9 20964.0 ok
2060 0 20947.2 20973.3 ok
2061 0 20958.0 20983.5 ok
2062 0 20970.1 20996.1 ok
2063 0 20973.1 20999.2 ok
2064 0 20982.9 21009.4 ok
2065 0 20989.0 21014.6 ok
2066 0 20995.9 21022.9 ok
2067 0 20999.6 21025.3 ok
2068 0 21009.1 21036.5 ok
2069 0 21009.7 21040.4 ok
2070 0 21013.1 21049.5 ok
2071 0 21014.7 21050.7 ok
2072 0 21023.9 21063.5 ok
2073 0 21026.8 21066.2 ok
2074 0 21042.0 21076.5 ok
2075 0 21065.7 21092.8 ok
2076 0 21080.2 21107.8 ok
2077 0 21084.2 21111.7 ok
2078 0 21112.2 21139.0 ok
2079 0 21117.3 21143.0 ok
2080 0 21121.6 21147.0 ok
2081 0 21132.0 21159.5 ok
2082 0 21141.0 21167.7 ok
2083 0 21146.7 21173.3 ok
2084 0 21161.8 21187.5 ok
2085 0 21182.4 21208.5 ok
2086 0 21184.3 21210.1 ok
2087 0 21187.0 21213.3 ok
2088 0 21192.6 21218.1 ok
2089 0 21205.6 21235.5 ok
2090 0 21215.0 21241.9 ok
2091 0 21216.9 21242.4 ok
2092 0 21222.3 21248.1 ok
2093 0 21245.3 21273.1 ok
2094 0 21277.8 21303.8 ok
2095 0 21288.3 21314.1 ok
2096 0 21303.5 21330.6 ok
2097 0 21321.0 21348.5 ok
2098 0 21322.3 21348.5 ok
2099 0 21322.8 21348.6 ok
2100 0 21332.6 21359.1 ok
2102 0 21349.7 21375.8 ok
2101 0 21338.2 21375.8 ok
2103 0 21353.8 21380.0 ok
2104 0 21359.0 21384.6 ok
2105 0 21375.6 21402.0 ok
2106 0 21376.2 21402.0 ok
2107 0 21381.8 21407.9 ok
2108 0 21383.3 21410.1 ok
2109 0 21392.2 21429.1 ok
2110 0 21404.4 21430.0 ok
2111 0 21449.5 21476.4 ok
2112 0 21463.5 21489.5 ok
2113 0 21463.5 21489.5 ok
2114 0 21470.0 21495.9 ok
2115 0 21476.6 21502.9 ok
2116 0 21488.8 21517.0 ok
2117 0 21499.6 21527.3 ok
2118 0 21537.1 21563.0 ok
2119 0 21563.7 21592.1 ok
2120 0 21566.4 21592.3 ok
2121 0 21567.9 21593.6 ok
2122 0 21603.1 21630.5 ok
2123 0 21604.7 21630.6 ok
2124 0 21641.4 21667.5 ok
2125 0 21641.4 21667.5 ok
2127 0 21650.9 21678.0 ok
2126 0 21650.9 21678.0 ok
2128 0 21651.9 21694.7 ok
2129 0 21657.2 21694.7 ok
2130 0 21671.9 21703.9 ok
2131 0 21685.3 21712.6 ok
2132 0 21688.5 21722.8 ok
2133 0 21689.2 21723.0 ok
2134 0 21693.8 21733.5 ok
2135 0 21695.7 21741.4 ok
2136 0 21698.7 21753.6 ok
2137 0 21705.3 21753.6 ok
2138 0 21712.3 21758.8 ok
2139 0 21738.7 21767.6 ok
2140 0 21738.7 21779.6 ok
2141 0 21747.4 21779.7 ok
2142 0 21754.3 21785.9 ok
2143 0 21756.0 21793.8 ok
2144 0 21760.5 21806.1 ok
2145 0 21761.9 21806.1 ok
2146 0 21785.4 21816.0 ok
2147 0 21789.1 21819.6 ok
2149 0 21796.0 21831.8 ok
2148 0 21789.1 21831.9 ok
2150 0 21804.3 21840.6 ok
2151 0 21826.3 21852.9 ok
2152 0 21839.0 21867.4 ok
2153 0 21840.0 21867.4 ok
2154 0 21865.9 21898.1 ok
2155 0 21866.0 21898.1 ok
2156 0 21878.3 21904.8 ok
2157 0 21878.3 21904.9 ok
2158 0 21895.3 21926.2 ok
2159 0 21895.8 21926.4 ok
2160 0 21914.2 21947.7 ok
2161 0 21929.0 21956.5 ok
2162 0 21946.1 21975.6 ok
2163 0 21946.2 21975.6 ok
2164 0 21949.6 21975.9 ok
2165 0 21950.4 21983.1 ok
2166 0 21964.6 22000.8 ok
2167 0 22016.4 22044.3 ok
2168 0 22022.9 22049.3 ok
2169 0 22034.2 22060.9 ok
2170 0 22044.1 22070.2 ok
2171 0 22044.8 22070.8 ok
2172 0 22049.4 22075.5 ok
2173 0 22054.7 22087.6 ok
2174 0 22069.4 22101.2 ok
2175 0 22073.3 22101.2 ok
2176 0 22078.0 22103.6 ok
2177 0 22087.2 22113.4 ok
2178 0 22087.7 22127.9 ok
2179 0 22088.5 22127.9 ok
2180 0 22091.7 22128.9 ok
2181 0 22091.7 22140.6 ok
2182 0 22102.6 22154.7 ok
2183 0 22109.7 22154.7 ok
2184 0 22119.2 22154.7 ok
2185 0 22127.6 22165.9 ok
2186 0 22127.6 22180.7 ok
2187 0 22144.7 22180.7 ok
2188 0 22162.5 22188.9 ok
2189 0 22162.5 22191.5 ok
2190 0 22166.8 22206.7 ok
2191 0 22182.4 22207.9 ok
2192 0 22188.6 22215.6 ok
2193 0 22207.2 22233.0 ok
2194 0 22219.8 22245.7 ok
2195 0 22230.5 22256.0 ok
2196 0 22255.3 22281.3 ok
2197 0 22270.5 22296.3 ok
2198 0 22279.0 22304.7 ok
2199 0 22279.0 22304.8 ok
2200 0 22284.5 22311.3 ok
2201 0 22295.7 22322.3 ok
2202 0 22303.2 22331.8 ok
2203 0 22311.8 22337.7 ok
2204 0 22317.0 22343.6 ok
2205 0 22335.1 22360.7 ok
2206 0 22337.6 22363.6 ok
2207 0 22348.4 22375.6 ok
2208 0 22354.3 22381.1 ok
2209 0 22354.8 22386.3 ok
2210 0 22355.0 22388.8 ok
2211 0 22356.7 22402.8 ok
2212 0 22360.5 22406.7 ok
2213 0 22366.8 22412.5 ok
2214 0 22366.8 22414.1 ok
2215 0 22367.1 22428.6 ok
2216 0 22383.5 22432.5 ok
2217 0 22424.3 22450.7 ok
2218 0 22428.5 22454.1 ok
2219 0 22434.7 22461.5 ok
2220 0 22445.5 22472.8 ok
2221 0 22445.5 22476.6 ok
2222 0 22452.6 22479.9 ok
2223 0 22463.5 22491.2 ok
2224 0 22492.6 22518.3 ok
2225 0 22504.7 22530.8 ok
2226 0 22511.9 22539.1 ok
2227 0 22516.7 22542.5 ok
2228 0 22540.3 22568.0 ok
2229 0 22548.7 22574.7 ok
2230 0 22554.7 22581.4 ok
2231 0 22567.8 22595.4 ok
2232 0 22574.2 22600.9 ok
2233 0 22574.2 22601.0 ok
2234 0 22582.9 22608.7 ok
2235 0 22603.1 22630.7 ok
2236 0 22608.3 22634.1 ok
2237 0 22608.4 22634.1 ok
2238 0 22609.6 22635.0 ok
2239 0 22633.7 22660.4 ok
2240 0 22634.3 22660.4 ok
2242 0 22647.0 22678.5 ok
2241 0 22647.0 22678.5 ok
2243 0 22654.5 22685.6 ok
2244 0 22678.3 22703.9 ok
2245 0 22680.2 22708.3 ok
2246 0 22684.4 22710.4 ok
2247 0 22694.9 22721.4 ok
2248 0 22703.2 22729.2 ok
2249 0 22710.1 22737.5 ok
2250 0 22715.9 22742.7 ok
2251 0 22715.9 22747.5 ok
2252 0 22724.9 22756.1 ok
2253 0 22728.0 22764.9 ok
2254 0 22737.2 22768.6 ok
2255 0 22742.9 22774.0 ok
2256 0 22746.7 22783.0 ok
2257 0 22802.8 22830.4 ok
2258 0 22805.0 22830.7 ok
2259 0 22842.1 22869.4 ok
2260 0 22847.6 22873.1 ok
2261 0 22855.7 22881.6 ok
2262 0 22857.6 22883.2 ok
2263 0 22859.5 22896.1 ok
2264 0 22871.9 22898.6 ok
2265 0 22878.6 22908.5 ok
2266 0 22887.1 22913.3 ok
2267 0 22888.6 22922.5 ok
2268 0 22895.8 22923.9 ok
2269 0 22908.1 22933.8 ok
2270 0 22922.3 22949.9 ok
2271 0 22933.4 22959.4 ok
2272 0 22937.6 22963.8 ok
2273 0 22949.8 22976.4 ok
2274 0 22959.2 22985.9 ok
2275 0 22964.0 22990.4 ok
2276 0 22976.0 23003.6 ok
2277 0 22977.8 23003.6 ok
2278 0 22978.2 23011.1 ok
2279 0 22980.1 23017.6 ok
2280 0 23017.1 23044.4 ok
2281 0 23040.2 23067.5 ok
2282 0 23057.7 23084.2 ok
2283 0 23058.9 23084.2 ok
2284 0 23079.0 23104.8 ok
2285 0 23094.6 23122.1 ok
2286 0 23101.7 23128.9 ok
2287 0 23104.5 23130.4 ok
2288 0 23105.1 23130.5 ok
2289 0 23168.3 23196.0 ok
2290 0 23235.3 23261.2 ok
2291 0 23254.3 23280.8 ok
2292 0 23259.1 23285.6 ok
2293 0 23273.3 23304.6 ok
2294 0 23304.1 23331.9 ok
2295 0 23304.1 23332.0 ok
2296 0 23304.6 23332.0 ok
2297 0 23344.0 23370.1 ok
2298 0 23351.0 23376.5 ok
2299 0 23366.3 23393.3 ok
2300 0 23375.0 23402.2 ok
2301 0 23375.0 23402.2 ok
2302 0 23382.0 23408.7 ok
2303 0 23382.0 23419.1 ok
2304 0 23384.6 23429.5 ok
2305 0 23418.7 23445.6 ok
2306 0 23429.3 23455.8 ok
2307 0 23438.2 23464.6 ok
2308 0 23438.2 23464.7 ok
2309 0 23450.6 23477.6 ok
2310 0 23459.6 23485.8 ok
2311 0 23470.0 23495.5 ok
2312 0 23481.4 23508.5 ok
2313 0 23508.2 23534.2 ok
2314 0 23513.4 23540.1 ok
2315 0 23524.4 23550.8 ok
2316 0 23531.2 23557.2 ok
2317 0 23539.9 23565.6 ok
2318 0 23550.5 23578.2 ok
2319 0 23552.6 23578.3 ok
2320 0 23552.9 23583.1 ok
2321 0 23554.3 23591.9 ok
2322 0 23554.5 23605.4 ok
2323 0 23564.0 23605.4 ok
2324 0 23566.4 23608.3 ok
2325 0 23582.3 23618.5 ok
2326 0 23583.4 23631.1 ok
2327 0 23585.3 23631.1 ok
2328 0 23605.2 23634.0 ok
2329 0 23606.1 23646.8 ok
2330 0 23610.9 23658.6 ok
2331 0 23622.9 23658.8 ok
2332 0 23630.5 23659.3 ok
2333 0 23633.8 23672.4 ok
2334 0 23635.1 23685.0 ok
2335 0 23646.0 23685.4 ok
2336 0 23646.8 23685.7 ok
2337 0 23667.7 23699.1 ok
2338 0 23669.0 23712.8 ok
2339 0 23697.6 23724.6 ok
2340 0 23697.7 23724.7 ok
2342 0 23712.1 23743.7 ok
2341 0 23707.9 23743.8 ok
2343 0 23716.0 23751.3 ok
2344 0 23722.3 23751.3 ok
2345 0 23740.0 23770.8 ok
2346 0 23740.0 23770.9 ok
2347 0 23755.0 23784.1 ok
2348 0 23755.0 23784.2 ok
2349 0 23767.8 23799.6 ok
2350 0 23783.1 23810.0 ok
2351 0 23788.3 23815.2 ok
2352 0 23808.5 23837.2 ok
2353 0 23811.4 23838.3 ok
2354 0 23815.4 23841.2 ok
2355 0 23839.8 23870.0 ok
2356 0 23888.1 23916.9 ok
2357 0 23903.6 23930.4 ok
2358 0 23904.2 23930.5 ok
2359 0 23933.3 23964.9 ok
2360 0 23938.2 23965.7 ok
2361 0 23962.6 24002.3 ok
2362 0 23962.7 24002.3 ok
2363 0 23964.7 24002.3 ok
2364 0 23967.1 24002.3 ok
2365 0 23981.5 24027.3 ok
2366 0 24017.6 24044.2 ok
2367 0 24026.1 24054.4 ok
2368 0 24026.1 24054.7 ok
2369 0 24039.5 24065.5 ok
2370 0 24062.5 24092.2 ok
2371 0 24076.4 24104.1 ok
2372 0 24076.4 24104.1 ok
2373 0 24079.9 24105.8 ok
2374 0 24094.9 24122.9 ok
2375 0 24106.5 24132.9 ok
2376 0 24163.9 24189.9 ok
2377 0 24186.7 24214.3 ok
2378 0 24202.0 24229.5 ok
2379 0 24214.2 24239.8 ok
2380 0 24217.8 24244.2 ok
2381 0 24217.8 24244.2 ok
2382 0 24232.7 24260.4 ok
2383 0 24239.5 24266.0 ok
2384 0 24260.2 24287.0 ok
2385 0 24260.2 24287.1 ok
2386 0 24280.5 24307.3 ok
2387 0 24290.1 24316.3 ok
2388 0 24312.2 24338.2 ok
2389 0 24325.1 24350.7 ok
2390 0 24329.8 24356.3 ok
2391 0 24337.9 24365.3 ok
2392 0 24337.9 24365.3 ok
2393 0 24340.5 24376.6 ok
2394 0 24349.2 24382.6 ok
2395 0 24350.6 24392.3 ok
2396 0 24356.1 24392.4 ok
2397 0 24365.4 24402.4 ok
2398 0 24376.4 24408.8 ok
2399 0 24397.9 24424.1 ok
2400 0 24402.5 24428.9 ok
2401 0 24410.9 24436.8 ok
2402 0 24417.3 24443.1 ok
2403 0 24430.5 24465.5 ok
2404 0 24440.7 24468.3 ok
2406 0 24470.8 24496.5 ok
2405 0 24469.1 24496.6 ok
2407 0 24472.1 24497.7 ok
2408 0 24476.1 24501.6 ok
2409 0 24487.0 24523.5 ok
2410 0 24496.3 24523.6 ok
2411 0 24497.4 24523.6 ok
2412 0 24501.2 24527.5 ok
2413 0 24509.9 24549.2 ok
2414 0 24513.3 24549.2 ok
2416 0 24531.5 24558.5 ok
2415 0 24531.1 24558.5 ok
2417 0 24548.5 24576.5 ok
2418 0 24548.6 24576.5 ok
2419 0 24561.5 24589.1 ok
2420 0 24576.3 24604.0 ok
2421 0 24605.1 24630.8 ok
2422 0 24629.0 24656.7 ok
2423 0 24629.0 24656.7 ok
2424 0 24641.2 24667.3 ok
2425 0 24663.8 24690.4 ok
2426 0 24680.0 24706.4 ok
2427 0 24685.0 24711.4 ok
2428 0 24698.6 24724.1 ok
2429 0 24701.9 24728.0 ok
2430 0 24719.1 24745.5 ok
2431 0 24723.6 24750.1 ok
2432 0 24760.2 24785.7 ok
2433 0 24760.2 24785.8 ok
2434 0 24768.9 24796.7 ok
2435 0 24769.0 24796.8 ok
2436 0 24785.1 24812.9 ok
2437 0 24819.7 24845.8 ok
2438 0 24826.1 24852.8 ok
2439 0 24845.5 24871.4 ok
2440 0 24846.2 24871.7 ok
2441 0 24846.4 24871.9 ok
2442 0 24863.0 24890.2 ok
2443 0 24869.0 24897.9 ok
2444 0 24869.0 24897.9 ok
2445 0 24882.0 24908.1 ok
2446 0 24904.4 24930.4 ok
2447 0 24904.4 24930.4 ok
2448 0 24914.7 24941.3 ok
2449 0 24918.4 24944.7 ok
2450 0 24918.4 24957.5 ok
2451 0 24919.0 24957.6 ok
2452 0 24919.4 24967.6 ok
2453 0 24923.9 24970.5 ok
2455 0 24935.4 24984.9 ok
2454 0 24927.4 24984.9 ok
2456 0 24944.5 24994.0 ok
2457 0 24963.8 24995.6 ok
2459 0 24984.6 25012.2 ok
2458 0 24984.5 25012.3 ok
2460 0 24994.3 25019.9 ok
2461 0 25015.9 25043.2 ok
2462 0 25018.6 25044.2 ok
2463 0 25029.2 25054.8 ok
2464 0 25073.9 25099.9 ok
2465 0 25083.8 25111.4 ok
2467 0 25098.0 25123.7 ok
2466 0 25096.0 25123.7 ok
2468 0 25148.7 25174.8 ok
2469 0 25166.5 25194.0 ok
2470 0 25168.7 25194.2 ok
2471 0 25172.7 25199.1 ok
2472 0 25172.7 25199.8 ok
2473 0 25179.5 25219.8 ok
2474 0 25199.2 25225.0 ok
2475 0 25216.6 25243.4 ok
2476 0 25216.6 25243.4 ok
2477 0 25219.4 25245.4 ok
2478 0 25220.9 25251.2 ok
2479 0 25224.4 25270.1 ok
2480 0 25226.2 25270.1 ok
2481 0 25228.1 25270.6 ok
2482 0 25237.7 25276.7 ok
2483 0 25261.7 25295.6 ok
2484 0 25280.5 25309.0 ok
2486 0 25293.4 25320.8 ok
2485 0 25291.7 25320.9 ok
2487 0 25319.2 25352.4 ok
2488 0 25320.0 25352.5 ok
2489 0 25320.0 25352.6 ok
2490 0 25323.5 25352.6 ok
2491 0 25339.7 25377.6 ok
2492 0 25351.7 25377.8 ok
2493 0 25353.9 25379.8 ok
2494 0 25356.7 25382.9 ok
2495 0 25368.3 25403.1 ok
2496 0 25374.7 25403.1 ok
2497 0 25390.8 25419.0 ok
2498 0 25396.2 25423.7 ok
2499 0 25396.2 25430.1 ok
2500 0 25396.9 25430.1 ok
2501 0 25400.4 25444.8 ok
2502 0 25407.7 25450.5 ok
2503 0 25419.5 25456.1 ok
2504 0 25428.6 25456.3 ok
2505 0 25428.7 25471.2 ok
2506 0 25459.5 25487.8 ok
2507 0 25465.2 25492.7 ok
2508 0 25472.4 25499.7 ok
2509 0 25474.7 25501.3 ok
2510 0 25477.5 25514.6 ok
2511 0 25480.0 25517.9 ok
2512 0 25489.0 25524.8 ok
2513 0 25513.9 25541.5 ok
2514 0 25515.9 25541.7 ok
2515 0 25520.5 25549.8 ok
2516 0 25524.0 25550.1 ok
2518 0 25524.1 25569.4 ok
2517 0 25524.0 25569.5 ok
2519 0 25541.0 25576.2 ok
2520 0 25577.2 25605.1 ok
2521 0 25578.2 25605.2 ok
2522 0 25578.6 25605.2 ok
2523 0 25585.6 25613.0 ok
2524 0 25588.1 25630.9 ok
2525 0 25591.3 25631.0 ok
2527 0 25613.2 25641.5 ok
2526 0 25612.5 25641.6 ok
2528 0 25615.8 25657.4 ok
2529 0 25640.6 25668.3 ok
2530 0 25651.0 25678.2 ok
2531 0 25660.8 25688.0 ok
2532 0 25672.3 25701.0 ok
2533 0 25672.3 25701.1 ok
2535 0 25710.3 25739.1 ok
2534 0 25710.2 25739.1 ok
2536 0 25713.2 25739.4 ok
2537 0 25720.5 25747.7 ok
2538 0 25738.2 25766.6 ok
2539 0 25767.2 25795.6 ok
2540 0 25767.3 25795.6 ok
2541 0 25768.9 25795.7 ok
2542 0 25768.9 25795.7 ok
2543 0 25770.6 25822.5 ok
2544 0 25795.1 25822.5 ok
2545 0 25795.8 25822.7 ok
2546 0 25805.3 25835.4 ok
2547 0 25805.6 25848.7 ok
2548 0 25805.8 25849.2 ok
2549 0 25809.7 25849.3 ok
2550 0 25815.6 25860.2 ok
2551 0 25821.2 25874.8 ok
2552 0 25842.6 25875.0 ok
2553 0 25848.5 25875.4 ok
2554 0 25856.0 25886.8 ok
2555 0 25859.4 25900.0 ok
2556 0 25861.2 25900.1 ok
2557 0 25868.9 25900.6 ok
2558 0 25873.5 25913.8 ok
2559 0 25897.5 25926.6 ok
2560 0 25898.1 25926.6 ok
2561 0 25898.4 25926.6 ok
2562 0 25899.2 25940.1 ok
2565 0 25911.3 25954.1 ok
2563 0 25903.3 25954.1 ok
2564 0 25905.4 25954.2 ok
2566 0 25932.6 25967.8 ok
2567 0 25945.6 25980.8 ok
2568 0 25953.7 25980.9 ok
2569 0 25972.3 26000.4 ok
2570 0 25993.0 26020.6 ok
2571 0 25994.2 26020.6 ok
2572 0 26005.9 26035.2 ok
2573 0 26006.6 26035.4 ok
2574 0 26012.5 26048.4 ok
2575 0 26016.6 26048.4 ok
2577 0 26020.2 26060.1 ok
2576 0 26020.2 26060.1 ok
2579 0 26034.7 26074.2 ok
2578 0 26022.5 26074.2 ok
2580 0 26067.6 26096.0 ok
2582 0 26095.2 26122.1 ok
2581 0 26095.2 26122.1 ok
2583 0 26099.3 26125.7 ok
2584 0 26101.0 26126.5 ok
2585 0 26108.5 26167.4 ok
2586 0 26117.5 26167.5 ok
2587 0 26117.6 26167.5 ok
2588 0 26118.5 26167.5 ok
2589 0 26125.5 26187.7 ok
2590 0 26125.5 26187.9 ok
2591 0 26158.7 26188.1 ok
2592 0 26167.6 26194.2 ok
2593 0 26167.6 26212.7 ok
2594 0 26184.7 26212.8 ok
2595 0 26201.8 26229.6 ok
2596 0 26201.9 26229.6 ok
2597 0 26211.5 26238.2 ok
2598 0 26216.8 26243.2 ok
2599 0 26218.2 26256.7 ok
2600 0 26235.2 26264.6 ok
2601 0 26243.4 26270.0 ok
2602 0 26264.2 26290.0 ok
2603 0 26289.5 26317.2 ok
2604 0 26323.8 26351.5 ok
2605 0 26335.4 26361.4 ok
2606 0 26354.6 26380.5 ok
2607 0 26354.7 26380.6 ok
2608 0 26359.3 26385.9 ok
2609 0 26366.1 26393.1 ok
2610 0 26372.5 26406.2 ok
2611 0 26378.0 26406.2 ok
2612 0 26394.2 26421.8 ok
2613 0 26403.1 26428.9 ok
2614 0 26421.6 26447.4 ok
2615 0 26428.6 26455.8 ok
2616 0 26455.7 26482.6 ok
2617 0 26461.2 26487.8 ok
2618 0 26512.1 26538.3 ok
2619 0 26520.0 26547.4 ok
2620 0 26523.9 26549.7 ok
2621 0 26534.9 26561.4 ok
2622 0 26534.9 26563.4 ok
2623 0 26547.2 26573.5 ok
2624 0 26556.0 26582.2 ok
2625 0 26573.0 26600.8 ok
2626 0 26573.1 26600.8 ok
2627 0 26578.3 26604.3 ok
2628 0 26587.1 26614.6 ok
2629 0 26587.1 26626.7 ok
2630 0 26601.2 26626.8 ok
2631 0 26626.3 26652.1 ok
2632 0 26635.8 26663.4 ok
2633 0 26650.5 26678.1 ok
2634 0 26677.9 26705.4 ok
2635 0 26684.8 26711.5 ok
2636 0 26692.0 26718.4 ok
2637 0 26712.8 26738.4 ok
2638 0 26725.1 26752.7 ok
2639 0 26727.5 26753.0 ok
2640 0 26737.9 26765.5 ok
2641 0 26752.6 26779.4 ok
2642 0 26770.1 26798.1 ok
2643 0 26770.6 26798.2 ok
2644 0 26772.7 26798.4 ok
2645 0 26785.1 26810.9 ok
2646 0 26797.9 26823.8 ok
2647 0 26810.8 26838.3 ok
2648 0 26817.7 26844.3 ok
2649 0 26822.0 26848.2 ok
2650 0 26854.9 26880.8 ok
2651 0 26856.7 26882.2 ok
2652 0 26860.6 26887.0 ok
2653 0 26860.6 26887.0 ok
2654 0 26861.4 26905.9 ok
2655 0 26872.9 26907.6 ok
2656 0 26881.8 26913.3 ok
2657 0 26884.6 26913.3 ok
2658 0 26897.8 26931.7 ok
2659 0 26899.8 26933.0 ok
2660 0 26905.1 26938.8 ok
2661 0 26914.4 26940.2 ok
2662 0 26931.3 26957.4 ok
2663 0 26935.8 26961.7 ok
2664 0 26953.8 26980.2 ok
2665 0 26958.3 26984.5 ok
2666 0 26970.9 26997.3 ok
2667 0 26987.6 27014.9 ok
2668 0 26997.1 27024.5 ok
2669 0 27005.1 27032.5 ok
2670 0 27032.1 27058.6 ok
2671 0 27032.1 27058.7 ok
2672 0 27032.1 27058.7 ok
2673 0 27032.1 27058.7 ok
2675 0 27044.6 27086.1 ok
2674 0 27035.8 27086.1 ok
2676 0 27054.5 27086.1 ok
2677 0 27065.3 27091.4 ok
2679 0 27085.7 27113.0 ok
2678 0 27065.3 27113.0 ok
2680 0 27087.9 27113.4 ok
2681 0 27123.7 27149.8 ok
2682 0 27126.5 27152.5 ok
2683 0 27146.7 27172.7 ok
2684 0 27158.3 27184.8 ok
2685 0 27158.3 27184.9 ok
2686 0 27166.0 27193.1 ok
2687 0 27170.0 27198.8 ok
2688 0 27221.8 27252.4 ok
2689 0 27222.4 27252.5 ok
2690 0 27228.6 27254.9 ok
2691 0 27229.4 27255.1 ok
2692 0 27229.5 27278.0 ok
2693 0 27238.9 27278.2 ok
2694 0 27249.0 27280.7 ok
2695 0 27249.0 27280.8 ok
2696 0 27269.1 27303.7 ok
2697 0 27270.2 27303.7 ok
2698 0 27299.1 27325.1 ok
2699 0 27309.3 27337.0 ok
2700 0 27345.3 27371.0 ok
2701 0 27350.3 27377.0 ok
2702 0 27369.6 27395.7 ok
2703 0 27376.9 27403.7 ok
2704 0 27391.5 27418.7 ok
2705 0 27395.5 27421.4 ok
2706 0 27403.5 27430.8 ok
2707 0 27405.4 27430.9 ok
2708 0 27410.1 27445.6 ok
2709 0 27436.2 27463.1 ok
2710 0 27436.2 27463.1 ok
2711 0 27455.8 27482.4 ok
2712 0 27468.8 27495.3 ok
2713 0 27469.5 27495.4 ok
2714 0 27476.4 27501.9 ok
2715 0 27495.0 27521.7 ok
2716 0 27501.4 27527.2 ok
2717 0 27508.7 27536.0 ok
2718 0 27515.8 27542.8 ok
2719 0 27516.3 27547.4 ok
2720 0 27565.0 27591.9 ok
2721 0 27577.1 27604.0 ok
2722 0 27580.5 27606.2 ok
2723 0 27585.3 27612.0 ok
2724 0 27597.9 27624.7 ok
2725 0 27617.6 27643.2 ok
2726 0 27625.2 27652.5 ok
2727 0 27629.3 27655.2 ok
2728 0 27633.8 27660.3 ok
2729 0 27642.5 27669.4 ok
2730 0 27663.2 27690.5 ok
2731 0 27676.1 27703.5 ok
2732 0 27677.6 27703.5 ok
2733 0 27677.6 27703.6 ok
2734 0 27690.2 27716.0 ok
2735 0 27691.4 27730.6 ok
2736 0 27713.8 27741.3 ok
2737 0 27714.0 27741.3 ok
2738 0 27772.1 27799.8 ok
2739 0 27788.1 27813.9 ok
2740 0 27789.1 27814.7 ok
2741 0 27789.1 27814.7 ok
2742 0 27808.0 27835.0 ok
2743 0 27808.0 27839.8 ok
2744 0 27809.4 27839.8 ok
2745 0 27814.0 27839.9 ok
2746 0 27816.2 27860.1 ok
2747 0 27817.0 27866.0 ok
2748 0 27826.8 27866.1 ok
2749 0 27835.7 27866.1 ok
2750 0 27852.9 27885.3 ok
2751 0 27852.9 27892.4 ok
2752 0 27853.0 27892.5 ok
2753 0 27859.7 27892.5 ok
2754 0 27873.4 27910.5 ok
2755 0 27874.6 27919.4 ok
2757 0 27884.5 27919.4 ok
2756 0 27884.2 27919.4 ok
2758 0 27909.4 27937.5 ok
2759 0 27930.2 27956.5 ok
2760 0 27956.4 27982.0 ok
2761 0 27961.5 27988.0 ok
2762 0 27961.6 27988.0 ok
2763 0 27980.5 28007.6 ok
2764 0 27984.8 28011.3 ok
2765 0 27988.7 28015.4 ok
2766 0 27995.5 28021.5 ok
2767 0 28007.1 28033.9 ok
2768 0 28020.8 28048.9 ok
2769 0 28026.9 28060.6 ok
2770 0 28029.2 28060.6 ok
2771 0 28030.0 28060.7 ok
2772 0 28031.1 28074.6 ok
2773 0 28063.9 28091.6 ok
2775 0 28098.4 28124.9 ok
2774 0 28097.8 28124.9 ok
2776 0 28109.3 28135.5 ok
2777 0 28145.7 28172.2 ok
2778 0 28152.0 28183.0 ok
2779 0 28187.6 28213.8 ok
2780 0 28189.0 28214.6 ok
2781 0 28202.5 28228.6 ok
2782 0 28221.0 28249.0 ok
2783 0 28221.2 28249.0 ok
2784 0 28223.6 28249.2 ok
2785 0 28253.6 28281.1 ok
2786 0 28255.5 28281.2 ok
2787 0 28267.0 28299.3 ok
2788 0 28291.2 28318.9 ok
2789 0 28302.2 28329.7 ok
2790 0 28318.5 28344.8 ok
2791 0 28320.2 28345.8 ok
2792 0 28339.1 28365.4 ok
2793 0 28340.7 28366.2 ok
2794 0 28345.6 28371.6 ok
2795 0 28354.0 28384.4 ok
2796 0 28365.0 28391.0 ok
2797 0 28365.0 28391.4 ok
2798 0 28365.6 28397.4 ok
2799 0 28371.2 28409.7 ok
2800 0 28371.8 28417.4 ok
2801 0 28397.1 28423.8 ok
2802 0 28402.8 28429.5 ok
2803 0 28410.8 28437.8 ok
2804 0 28417.1 28443.2 ok
2805 0 28437.5 28464.6 ok
2806 0 28464.0 28490.8 ok
2807 0 28487.0 28513.1 ok
2808 0 28487.0 28513.1 ok
2809 0 28496.2 28523.5 ok
2810 0 28512.2 28538.4 ok
2811 0 28535.7 28562.6 ok
2812 0 28543.5 28569.2 ok
2813 0 28551.0 28577.1 ok
2814 0 28551.5 28577.2 ok
2815 0 28551.5 28588.5 ok
2816 0 28551.8 28594.6 ok
2817 0 28555.8 28604.3 ok
2818 0 28568.3 28604.3 ok
2819 0 28573.9 28614.5 ok
2820 0 28581.6 28621.1 ok
2821 0 28584.0 28631.3 ok
2822 0 28620.9 28647.5 ok
2823 0 28647.3 28674.9 ok
2824 0 28648.7 28674.9 ok
2825 0 28654.5 28680.5 ok
2826 0 28654.5 28680.5 ok
2827 0 28660.7 28701.8 ok
2828 0 28662.6 28701.8 ok
2829 0 28675.3 28706.1 ok
2830 0 28680.0 28706.2 ok
2831 0 28692.7 28729.0 ok
2832 0 28692.7 28729.1 ok
2833 0 28703.4 28733.0 ok
2834 0 28715.0 28740.8 ok
2835 0 28717.1 28754.1 ok
2836 0 28732.7 28759.3 ok
2837 0 28753.5 28779.7 ok
2838 0 28775.8 28803.6 ok
2839 0 28788.7 28816.4 ok
2840 0 28793.6 28820.1 ok
2841 0 28803.3 28831.2 ok
2842 0 28816.2 28843.5 ok
2843 0 28819.8 28846.0 ok
2844 0 28843.1 28870.6 ok
2845 0 28861.0 28888.0 ok
2846 0 28870.2 28896.9 ok
2847 0 28884.7 28911.1 ok
2848 0 28884.7 28911.2 ok
2849 0 28900.8 28928.1 ok
2850 0 28907.1 28933.9 ok
2851 0 28919.1 28947.1 ok
2852 0 28928.0 28955.2 ok
2853 0 28933.6 28960.1 ok
2854 0 28946.9 28973.8 ok
2855 0 28967.8 28994.2 ok
2857 0 29020.3 29048.3 ok
2856 0 29020.3 29048.3 ok
2858 0 29048.0 29074.5 ok
2859 0 29058.7 29084.8 ok
2860 0 29069.1 29094.9 ok
2861 0 29081.6 29109.2 ok
2862 0 29085.8 29112.2 ok
2863 0 29092.1 29119.6 ok
2864 0 29092.1 29120.0 ok
2865 0 29119.0 29146.6 ok
2866 0 29136.1 29164.0 ok
2867 0 29142.6 29168.6 ok
2868 0 29151.2 29178.4 ok
2869 0 29168.3 29193.9 ok
2870 0 29170.3 29196.2 ok
2871 0 29178.5 29204.1 ok
2872 0 29193.4 29221.0 ok
2873 0 29201.0 29228.0 ok
2875 0 29240.7 29267.5 ok
2874 0 29239.7 29267.5 ok
2876 0 29254.0 29281.3 ok
2877 0 29267.2 29294.7 ok
2878 0 29273.2 29299.5 ok
2879 0 29300.3 29327.8 ok
2880 0 29306.8 29333.4 ok
2881 0 29307.1 29333.4 ok
2882 0 29309.4 29335.0 ok
2883 0 29315.1 29355.0 ok
2884 0 29357.9 29383.6 ok
2885 0 29382.3 29408.0 ok
2886 0 29407.0 29434.6 ok
2887 0 29415.9 29443.5 ok
2888 0 29424.5 29451.7 ok
2889 0 29434.4 29462.0 ok
2890 0 29443.3 29470.5 ok
2891 0 29474.1 29500.1 ok
2892 0 29478.5 29504.3 ok
2893 0 29484.5 29511.5 ok
2894 0 29496.9 29524.5 ok
2895 0 29513.0 29540.4 ok
2896 0 29526.5 29552.7 ok
2897 0 29528.0 29553.6 ok
2898 0 29540.0 29566.9 ok
2899 0 29541.2 29567.0 ok
2900 0 29545.0 29578.1 ok
2901 0 29547.7 29578.9 ok
2903 0 29548.7 29594.1 ok
2902 0 29547.7 29594.1 ok
2904 0 29559.9 29603.3 ok
2905 0 29577.5 29604.0 ok
2906 0 29577.6 29620.5 ok
2907 0 29606.5 29632.5 ok
2908 0 29613.3 29640.5 ok
2909 0 29629.4 29656.9 ok
2910 0 29629.4 29656.9 ok
2911 0 29629.4 29657.7 ok
2912 0 29647.0 29673.8 ok
2913 0 29647.0 29682.1 ok
2914 0 29647.1 29682.2 ok
2915 0 29657.8 29683.5 ok
2916 0 29658.3 29699.4 ok
2917 0 29664.9 29708.9 ok
2918 0 29681.0 29708.9 ok
2919 0 29681.8 29708.9 ok
2920 0 29700.4 29726.6 ok
2921 0 29726.3 29753.9 ok
2922 0 29763.1 29790.3 ok
2923 0 29772.6 29800.2 ok
2924 0 29790.0 29817.6 ok
2925 0 29790.0 29817.7 ok
2926 0 29800.0 29826.0 ok
2927 0 29819.4 29845.8 ok
2928 0 29841.2 29867.3 ok
2929 0 29841.2 29867.3 ok
2930 0 29860.7 29888.4 ok
2931 0 29864.4 29890.1 ok
2932 0 29871.8 29897.7 ok
2933 0 29888.2 29915.8 ok
2934 0 29897.9 29923.6 ok
2935 0 29902.7 29929.3 ok
2936 0 29922.5 29949.5 ok
2937 0 29949.2 29976.2 ok
2938 0 29964.5 29991.1 ok
2939 0 29964.9 29991.1 ok
2940 0 29965.2 29991.1 ok
2941 0 29975.7 30001.5 ok
2942 0 29975.9 30018.1 ok
2943 0 29975.9 30018.1 ok
2944 0 29997.4 30023.6 ok
2945 0 29997.4 30027.4 ok
2946 0 30000.4 30045.3 ok
2947 0 30004.0 30045.4 ok
2948 0 30031.3 30058.9 ok
2949 0 30060.0 30086.4 ok
2950 0 30077.2 30103.7 ok
2951 0 30082.3 30108.8 ok
2952 0 30082.6 30108.8 ok
2954 0 30118.4 30145.5 ok
2953 0 30117.5 30145.5 ok
2955 0 30130.6 30156.6 ok
2956 0 30145.2 30173.0 ok
2957 0 30152.1 30178.7 ok
2958 0 30172.9 30199.2 ok
2959 0 30200.6 30226.4 ok
2960 0 30205.1 30231.7 ok
2961 0 30217.5 30243.3 ok
2962 0 30218.4 30244.0 ok
2963 0 30224.3 30253.4 ok
2964 0 30235.1 30260.7 ok
2966 0 30243.0 30270.4 ok
2965 0 30242.3 30270.4 ok
2967 0 30258.1 30285.8 ok
2968 0 30259.8 30286.0 ok
2969 0 30285.7 30312.8 ok
2970 0 30286.7 30312.8 ok
2971 0 30295.5 30322.9 ok
