Source: https://arxiv.org/html/2203.15556v1#A10.T9


Table A9: All models.
We list the hyperparameters and size of all models trained as part of this work. Many shown models have been trained with multiple learning rate schedules/number of training tokens.

Parameters (million)	
d_model	
ffw_size	
kv_size	
n_heads	
n_layers	

44	
512	
2048	
64	
8	
8	

57	
576	
2304	
64	
9	
9	

74	
640	
2560	
64	
10	
10	

90	
640	
2560	
64	
10	
13	

106	
640	
2560	
64	
10	
16	

117	
768	
3072	
64	
12	
12	

140	
768	
3072	
64	
12	
15	

163	
768	
3072	
64	
12	
18	

175	
896	
3584	
64	
14	
14	

196	
896	
3584	
64	
14	
16	

217	
896	
3584	
64	
14	
18	

251	
1024	
4096	
64	
16	
16	

278	
1024	
4096	
64	
16	
18	

306	
1024	
4096	
64	
16	
20	

425	
1280	
5120	
128	
10	
18	

489	
1280	
5120	
128	
10	
21	

509	
1408	
5632	
128	
11	
18	

552	
1280	
5120	
128	
10	
24	

587	
1408	
5632	
128	
11	
21	

632	
1536	
6144	
128	
12	
19	

664	
1408	
5632	
128	
11	
24	

724	
1536	
6144	
128	
12	
22	

816	
1536	
6144	
128	
12	
25	

893	
1792	
7168	
128	
14	
20	

1,018	
1792	
7168	
128	
14	
23	

1,143	
1792	
7168	
128	
14	
26	

1,266	
2048	
8192	
128	
16	
22	

1,424	
2176	
8704	
128	
17	
22	

1,429	
2048	
8192	
128	
16	
25	

1,593	
2048	
8192	
128	
16	
28	

1,609	
2176	
8704	
128	
17	
25	

1,731	
2304	
9216	
128	
18	
24	

1,794	
2176	
8704	
128	
17	
28	

2,007	
2304	
9216	
128	
18	
28	

2,283	
2304	
9216	
128	
18	
32	

2,298	
2560	
10240	
128	
20	
26	

2,639	
2560	
10240	
128	
20	
30	

2,980	
2560	
10240	
128	
20	
34	

3,530	
2688	
10752	
128	
22	
36	

3,802	
2816	
11264	
128	
22	
36	

4,084	
2944	
11776	
128	
22	
36	

4,516	
3072	
12288	
128	
24	
36	

6,796	
3584	
14336	
128	
28	
40	

9,293	
4096	
16384	
128	
32	
42	

11,452	
4352	
17408	
128	
32	
47	

12,295	
4608	
18432	
128	
36	
44	

12,569	
4608	
18432	
128	
32	
47	

13,735	
4864	
19456	
128	
32	
47	

14,940	
4992	
19968	
128	
32	
49	

16,183	
5120	
20480	
128	
40	
47	

